5988 21 6
5989 1
5982 23
5983 4
5980 6
5981 8
5986 18
5987 19
5984 5
5985 17 3 28 31
6796 2
6797 37
6794 1 10 18
6795 2 27 31
6792 4
6793 18 7
6790 4
6791 1 35 4 5 10 17
6798 18 23
6799 20
6294 19
270 19 7
271 2
272 6
273 1 7
274 7
275 0 1
276 7
277 9
278 21
279 18 21 29
9528 10 4
9529 9 35
9258 22
9259 15
9256 28
9257 29
9254 28
9255 17 31
9252 2 13 6
9253 23
9250 6
9251 7
2143 25
2142 13
3519 25
3518 7
3513 19 15
3512 7
3511 5
3510 2
3517 24
3516 6
3515 23
3514 4
2688 16 12
2689 2
2684 8
2685 16 3 12 5
2686 20
2687 5
2680 7
2681 7
2682 17
2683 4
99 35
98 23 7
91 8
90 9 30
93 6
92 15
95 5
94 18 23
97 18 5 23
96 20
1177 6
1176 29
1175 17
1174 7
1173 5
1172 9 2 25
1171 27 19 31
1170 22
1179 3 4 30
1178 0 31
7188 16 1 12
876 25 31
877 8
7180 36
7181 18
7182 1
7183 16 12 23
7184 2
3432 16 32 12 13
7186 15
7187 1
623 1 19 29
875 10
622 4
872 34 19
1225 23 7
3435 18 7
620 0 1 8 12 16 19 22 25
8549 18 19 7
870 7
8019 4
8018 15
8017 4
627 0
8015 18 23
871 29
8013 30 31
8012 15
8011 7
626 10 13
7456 15 7
4592 17
7454 5
7455 9
7452 35
625 5 21
7450 13
2036 9 3 13
624 9
4590 22
7458 36 6
7459 18
4591 2
2745 5 7
4849 2
4594 29
4595 19
2749 4 7
4845 5
4598 18 31 7
8291 2 28
4599 31
4734 25
8290 23 15
4735 16 12 5 7
8293 5
8292 6
2039 7
8295 7
4843 7
4738 4
8294 23
4739 6
8297 15
8296 18
393 0 5
392 7
391 16 12 4
390 0
397 7
396 1
395 10
394 29 23
399 25 7
398 29 23
2309 1
2308 2
4729 7
4728 1
2301 22
2300 1
2303 29
2302 11
2305 10
2304 7
4723 30 31
2306 0 23 7
5847 30
5846 7
5845 4
5844 11
5843 2
5842 7
5841 9
5840 18 7
5849 5
5848 29 23
3748 2
3749 19
3746 29 7
3747 23
3744 7
3745 7
3742 23
3743 4 23
3740 0
3741 35 5
4620 18 23
4621 28
4622 4
4623 4
4624 0
4625 24
4626 23
4627 7
4628 8
4629 0
179 25
178 10
177 4
176 21 6
175 17 5 6
174 8
173 9 18 23 22 7
172 25
171 0 18 19
170 19 30
7218 20
7219 20
7210 13
7211 6
7212 18
7213 32
7214 37
7215 19
7216 20
7217 17 3 14 25
6217 10
6216 6
6215 1
6214 8 16 12
6213 31
6212 34
6211 4
6210 2
6219 18
6218 24 4 23
6819 4
6818 4
6811 2
6810 18
6813 19
6812 32
6815 25
6814 4
6817 28
6816 6
9757 18 27
9756 7
9755 19
9754 24 18 22 6 23
9753 23
9752 7
9751 19 31
9750 36
9759 6
9758 16 12
8913 2 18
8848 4
8849 6
8840 1
8841 6 31
8842 16 12
8843 23
8844 23
8845 4
8846 6
8847 2
8915 23
7669 7
7668 4
7661 18 7
7660 18
7663 19
7662 6
7665 29
7664 1
7667 31
7666 1
1768 8 34
1769 7
1762 31 18 19 7
1763 1
1760 7
1761 36
1766 19
1767 4
1764 17 5
1765 7
692 9 10
693 16 12
690 38 7
691 21
696 1 7
697 4 7
694 6
695 10
698 23
699 7
1548 4
1549 34 38
8710 13
8711 20
8712 2
8713 17
8714 18
8715 31
8716 19 20
8717 35
8718 23
8719 28
10043 28
5618 16 12 5
5619 6
9330 6
5612 4 7 10 12 16 18
5613 5
5610 6
5611 1
5616 1
5617 24 9 29
5614 9 18 23
5615 5
7116 1
10253 18
7118 29
10252 23
9524 25 10 27 28 5
9525 10
9526 23
9527 16 12
9520 22
9521 7
9522 23
9523 6
6778 7
6779 0
6774 6
6775 9 14
6776 27
6777 1 18
6770 6
6771 6
6772 2
6773 7
9964 7
9965 25 19 28 14 31
9966 18 7
9967 10
9960 1 6 15
9961 7
9962 20
9963 35 15
9968 4
9969 31
3580 7
258 20
259 35 4
252 20
253 7
250 23
251 18
256 10
257 19
254 4
255 29
4665 18 23
9508 20
9509 35 28
9502 4
9503 18
9500 4
9501 14
9506 7
9507 18 7
9504 36
9505 32
3689 0 36
3688 16 12 6 7
3683 29
3682 10
3681 17
3680 25 18 7
3687 17 23
3686 7
3685 3 4 29 14
3684 23
2518 23
2519 1
2514 7
2515 7
2516 1
2517 16 12 22
2510 4
2511 7
2512 1 2 15 5 13
2513 7
3531 9
3530 1
3533 18 23
3532 6
3535 18 7
3534 16 12
3537 7
3536 13
5054 19
3538 7
5056 10
5057 0 1 30 25
5050 16 12 4
5051 13
5052 22
5053 31
10185 7
10184 4
10187 6 7
10186 1
10181 2
10180 2
10042 5
10182 23
10189 18 31 7
10188 6
1159 18 23
1158 33 3 4 13 7
1155 0
1154 7
1157 2 7
1156 4
1151 10
1150 7
1153 1
1152 1 6 7
8035 5
8034 18 23
8037 7
8036 6
8031 2
8030 4
8033 13 6
8032 10
8039 18
8038 0
8529 18
8528 10 15
8523 15
8522 18
8521 29
8520 6
8527 30
8526 37 7
8525 1
8524 3 5
8536 5
4299 10
4298 24
10169 5
4295 15
4294 7
4297 10
4296 18 23 7
4291 8
4290 33 6
4293 8
4292 25
10168 7
6368 19
4749 10
4748 7
1324 16 2 12
4743 23
4742 7
4741 18 23
4740 32 4 5 12 16 20 29
4747 19
4746 16 12
4745 19
4744 5
5869 23
5868 7
5865 16 12
5864 21
5867 5
5866 19
5861 6
5860 20
5863 18
5862 4
9006 1
8537 23
2183 21 6
2182 21
2181 7
2180 7
2187 9
2186 29
2185 10 3
2184 9
4606 13
4607 9
2189 18 19 21
2188 8 10
4602 16 12
4603 24 23
4600 7
4601 13
6907 6
6906 25
6905 5
6904 2
6903 6
6902 5
151 32 33
150 17
153 23
152 23 7
155 3
154 7
157 7
156 7
159 6
158 25
6900 5
8134 3
8135 2
8688 17 27
8689 18
6187 5
6186 2 7
6185 18
6184 4
6183 5 6 23
6182 10 18 23
6181 18
6180 7
6954 37
8133 5
6189 18
6188 5
2727 13
2726 5
2725 4
2724 3
2723 10 13
2722 25
2721 4
2720 19 31
2729 18 19 7
2728 34 4 31
7236 1 2 27 28 31
7237 2
7234 27
7235 21
7232 2
7233 31
6955 4 15
7231 9
9199 17
9198 5
7948 29
7949 7
7238 1
7239 1
6239 25
6238 4
6235 3 4 6 15
6234 2 5
6237 10 7
6236 19
6231 1
6230 8 16 12 5
6233 5
6232 7
7815 18
9779 6
9778 11
9775 7
9774 23
9777 18
9776 15
7932 22
9770 18
9773 21
9772 5
8866 32 6
8867 18
8864 21
8865 17 2
8862 26
8863 29 23
8860 18
8861 18
8868 7
8869 37
818 21
819 7
810 1 26 5 31
811 24 17
812 20
813 1
814 9 5
815 22
816 27 23
817 18 21 29
10232 25
7819 2 18 14
1700 4
1701 17
5265 1
5264 18 23 29 5 21
1704 23
1705 19 21 22 7
1706 1 9
1707 7
1708 7
1709 29
2097 7
5269 16 28 12
5268 7
2096 23
10231 23
4574 17
4575 7
2093 23
4577 7
3959 24 18 29
8112 5
7936 27
3029 2 29
3028 17
3027 6
3026 7
3025 15
3024 31
3023 10
3022 7
3021 23
3020 20
10237 6
8738 23
8739 14
8736 7
8737 32
8734 9
8735 11 31
8732 18
8733 35
8730 18
8731 18 31
4198 4
4199 18
4196 1
4197 9 22
4194 31
4195 31
4192 21
4193 6
4190 32
4191 7
5670 12
5671 18
5672 7
5673 1
5674 6
5675 21
5676 1
5677 5
5678 35
5679 21
9395 18
10235 6
9394 16 12
10234 8
473 10
6437 20
6436 19
6435 21 29
6434 1
6433 4
6432 4
6431 1
6430 8 28
8198 6
8199 34
6439 20 23
6438 20
10309 28
9391 5
6758 16 18 12
6759 10 4
6752 3
6753 1 9
6750 33
6751 20
6756 18 5 23
6757 34
6754 22
6755 5
9942 8 19
9943 13
9940 1
9941 18
9946 23 7
9947 19 31
9944 18 5 23
9945 2
9948 1
9949 18 23
9390 4
238 29
239 2 29 15
234 16 12
235 7
236 16 12
237 16 12
230 23 7
231 17 4 21
232 7
233 33 29
10306 23
8740 1 20
4681 31
10304 7
2538 23
2539 17 23
2532 1 5 25
2533 25
2530 33
2531 2 19 31
2536 7
2537 34
2534 23
2535 8
5078 1
5079 7
5072 29
5073 19
5070 9
5071 7
5076 15
5077 0 10 29 18 7
5074 18
5075 3
9560 7
9561 7
939 1
938 4
9564 31
9565 18
9566 13
9567 16 32 12
933 7
932 25
931 5
930 4
937 19
936 9 31
935 5
934 6 7
5380 13
5381 7
5382 2
5383 4
5384 9
5385 6
5386 18 23 7
5387 10 4
5388 7
5389 7
9398 23
9519 18
797 1 10
796 0 21
795 9 4
794 23
793 8 2
792 16 12
791 16 12 5
790 8
9388 18
2145 23
799 7
798 1
2144 10
2415 7
2414 3
1139 21 29
1138 1 6 10 12 16 17
2141 1
1133 10 5 13
1132 32
1131 4 23
1130 28
1137 18
1136 1 7
1135 7
1134 21
2419 8
2418 7
7148 18
7149 18 23
7144 29
7145 8
7146 9
7147 5
7140 22
7141 5 31
7142 32 18
7143 5
2149 13
4973 10 21 6
8053 18 21
8052 4
8051 9
8050 32
8057 22
8056 18
8055 28
8054 18 7
8509 3 23
8508 16 12
8059 1
8058 18
2882 7
2883 4
2880 7
2881 1
2886 4
2887 18 3 5 23
2884 31
2885 22 7
7492 6
1072 18 4 23
2888 29 7
2889 8
7496 31
7497 22
7494 19
7495 17
2 5
3276 9
3277 21 6
1922 6
1923 1
1924 7
3273 4
1926 23
1927 29
4761 18
4760 16 12
4763 7
4762 4
4765 5
4764 23 7
4767 1
4766 4
4769 27 23
4768 6
7189 23
8767 30
5809 16 12
5808 2 5
5803 1
5802 7
5801 23
5800 2
5807 22
5806 18
5805 4
5804 1 13
1573 9
1572 5 7
1571 15
1570 8
1577 2 15 7
1576 8
1575 21
1574 8
8023 2
4888 0 1 2 10
4889 16 27 12
2709 33 19 5
2708 6 7
4880 5
4881 17
4882 8
2706 23
2701 1
2700 10 7
2703 3 6
4887 29 23
7962 5
7963 5
7960 5
7961 5
7966 29
7967 6
7964 6
7965 16 12
9177 16 12
9176 6
7968 23
7969 17 6
9173 5
9172 5
9171 22
9170 4
6259 22
6258 6
6253 6
6252 6
6251 25 3
6250 4 7
6257 7
6256 4
6255 23
6254 9 7
2411 5
8545 17
9719 6
9718 2 5
8016 13
9713 2
9712 16 12
9711 13
475 16 12 21 15
9717 0 17 35
8547 31
9715 37
9714 9
3474 2
3475 29 7
3476 7
3477 13
3470 33
3471 17 4
3472 20
3473 23
8884 22
8541 18
838 6
839 11
3478 6
3479 23
8882 23
8540 1
8543 7
8010 4 7
7457 35
8687 18 7
7453 5
9007 20
5249 24 23
5248 31
1728 3
1729 26
1726 19
5244 18
1724 1 5 9
5246 7
5241 19
1723 2 35 4 5 10 31
1720 4
1721 20
9004 5
5626 18 7
9003 18
9002 18
7931 18
9001 8 28
7930 1
9000 10 6
7933 1
3005 8
3004 21 7
3007 1 2 31
3006 23
3001 22
3000 9
3003 26
3002 29 7
7935 4
3009 6
3008 18 7
7934 3
1588 14 7
1589 16 12
7937 10
1582 1
1583 2
1580 22
1581 29
1586 1 31
1587 2
1584 25 23
1585 4
9106 1
5481 7
9107 14
8633 32
5480 5
9104 4
9105 5
9450 9 22 7
9451 5
9452 28
5658 13
5659 4
5656 4
5657 31
5654 23
2416 26
5652 10
5653 32
5650 20
5651 7
6419 17
6418 29 5 23
6415 15
6414 20
6417 1
6416 2
6411 27 13
6410 1
6413 15
6412 19
7777 18
7776 6
7775 7
7774 1
7773 24 5
7772 17 6
7771 17 23
7770 18
7779 15
7778 1
3917 8
3916 1
3915 29 23
3914 7
3913 17
3912 5 21
3911 34 7
3910 19
3919 0
3918 1 4 6 12 16 21
6730 22
6731 23
6732 15
6733 7
6734 2
6735 16 12 23
6736 14 7
6737 23
6738 10
6739 7
8318 18 7
8319 16 2 12
10212 18
3287 7
9929 4
9920 2
9921 18
9922 24 33
9923 10 4
9924 5
9925 31
9926 18
9927 4
216 23
217 0 29
214 7
215 31
212 1
213 29 7
210 33
211 15
218 4 7 9 10 13 18
219 4
6088 15
6089 18
6086 8
6087 5
6084 16 12 13
6085 9
6082 1 13
6083 32
6080 5 23
6081 17
3649 23 7
3648 7
3647 7
3646 5
3645 2
3644 4
3643 16 1 18 12
3642 4
3641 16 12
3640 7
2550 23
2551 24 2 3 18
2552 16 32 10 12 6
2553 4
2554 12
2555 23
2556 7
2557 8 9 5
2558 23
2559 10
5010 18 23
5011 22
5012 1
5013 10 4
5014 8 4
5015 24 4 29
5016 10
5017 7
5018 19 15
5019 7
4419 18 7
4418 1
4417 15
4416 30
4415 22
4414 4 7
4413 1 10
4412 7
4411 18 23
4410 10
919 27 7
918 18 4 23
9548 9 2 17
9549 2 28
915 9
914 9
917 25 2 29
916 32 6 10 12 14 16
911 0 29
910 18
913 32
912 25 4
7168 22 23
7169 4
7162 0
7163 3 4
7160 18
7161 18
7166 18
7167 4 5
7164 18 4
7165 7
8079 31
630 7
631 9
8071 18
8070 1
8073 18 4 5 7
8072 22 14
8075 2 7
632 4
8077 8
8076 23 18 3 7
10088 36 31
1211 6
634 29
635 29
8888 10
1214 1 9
8637 30
1215 25
1111 6
1110 20
1113 25
1112 19 4
1115 29
1114 5
1117 7
1440 26 2 23 5 21
1119 13
1118 7
1449 20 23
1448 7
8889 31
4859 3
8636 4
2005 17
4857 15
4584 1
2008 8
2009 4
8635 6
4581 9 22
4580 8
4725 8
4583 18
4724 20
8268 25
4582 18 15
4727 24 10
8269 1
8634 27
4726 31
6914 2 5
4721 15
4720 25
8264 5
2307 4
4789 37
4788 18 7
4787 21 6
4786 5
4785 10
4722 26
4783 18 23
4782 20
4781 4 23
4780 34
5821 10
5820 8
5823 22
5822 18 3
5825 10
5824 24
5827 19
5826 9
5829 4
5828 22
10009 14
8632 19
6916 1
8631 33 10
1182 7
10109 2 36 5 4 28 31
8630 23 15
10108 31
199 23 7
198 19 4
195 2
194 10 4
197 22
196 25
191 16 24 18 12 23
190 7
193 16 12
192 21
10101 23 7
10100 6
6912 8 17
9155 28 5
9154 28
2769 10
2768 23
9151 5
9150 15
9153 4
9152 16 12
2763 23
2762 18 23
2761 24
2760 1 27
2767 31
2766 2
2765 9 2 29 18 7
2764 4
7908 5
7909 10
9489 18 21 23
9488 2 10 5
7900 4
7901 5
6913 8
7903 28 6 15
7904 29
7905 21 14
7906 22
7907 2
6271 18 7
6270 22
6273 23
6272 16 12 29
6275 2
6274 4
6277 13
6276 18
6279 7
6278 4
8883 5
1183 7
9731 20
9730 12
9733 7
9732 24 28 5
9735 16 12
9734 4
9737 5
9736 18
9739 7
9738 23 7
3452 1 20 31
3453 35 19
3450 34
3451 23
3456 15
3457 20
3454 1 20
3455 7
3458 5
3459 4
858 5
859 23
6 7
8905 23 15
9384 32 4
5229 18 23
5228 1
5223 31
5222 1
5221 4
5220 6
5227 7
5226 19 22
5225 23
5224 2
4588 25
3063 7
3062 31
3061 35
3060 28
3067 19
3066 5
3065 31
3064 25
3069 18 26 23
3068 10
7466 4
10015 18 7
4817 9
9818 18
9819 5
4816 16 12
9814 18
9815 8
1304 21
1305 6
1306 2
1307 8 31 7
1300 31
1301 9
1302 2
1303 1
1308 9 31
1309 29
498 7
499 15
494 7
495 2
496 4
497 1 5
490 1 19 31
491 18 23
492 19
493 15
6479 20 6
6478 19
6473 9
6472 16 12
6471 4
6470 3 7
6477 2
6476 5
6475 20
6474 2 28
9537 19 4 15
6915 17 25
7758 34 38
9536 20
7755 18
7754 6
7757 2 20
7756 7
7751 18
7750 13
7753 7
7752 8 1 23
9534 2
3939 23
3938 7
3935 24 29 22
3934 32 37
3937 1
3936 7
3931 1
3930 7
3933 22
3932 2
8332 29
8333 15
8330 15
8331 23
3265 31
8337 20
6718 4
6719 18
6716 17
6717 17 18
6714 1
6715 1
6712 10
6713 17
6710 17
6711 22 31
9906 5
9907 1
9904 35
9905 19
9902 28
9903 31
9900 2 5
9901 23
9908 5
9909 1 10
4044 33 10
4045 1
4046 29 5 23
4047 5
4040 2 20
4041 21
4042 18 7
4043 15 7
4048 10 7
4049 6
3665 20
3664 7
3667 16 12
3666 25
3661 31
3660 4
3663 7
3662 7
3669 8
3668 1 5 7
5582 25
446 33 30 5 6
2578 23
2579 8 10 13 6
2576 8 25 23 7
2577 18 15
2574 23
2575 23
2572 6
2573 7
2570 15
2571 29
10121 6
3593 1
3592 5 30
3591 4
3590 7
3597 7
3596 8 5 6
5038 3
3594 7
5036 20
5037 28
5034 19
5035 5
5032 18
5033 6
5030 23
5031 24
4435 18
4434 1
4437 10 5
4436 15
4431 5
4430 7
4433 2
4432 4
4439 7
4438 17 29 15
977 18 4
976 7
975 14
974 4
973 22 7
972 29
971 1
970 2
979 9 7
978 1
7952 4
10126 2
8756 14
8757 18 7
8927 3
8926 18 7
8925 5
8924 2 7
8923 3
8922 18
8921 1
8920 27 4
8929 13
8928 6
3386 5 7
3387 7
3384 1 9
7100 5
7101 20
7102 5 15
3385 6
7104 1 6
7105 22
7106 18
7107 1
7108 20
5410 7
5411 1
5412 16 12
5413 4
1681 20
1680 2 4
1683 2
1682 18
1685 2
1684 3
1687 4
1686 8
1689 22
1688 4
653 8 17 3 32
1469 10 7
1468 4
1465 7
1464 38
1467 5 22
1466 23
1461 29 23
1460 1
1463 18 21
1462 13
4239 33
4238 10
4237 3
4236 26 29 23
4235 4
4234 9
4233 17 22
4232 0 1 5 10 22 30 31
4231 1 13 9
4230 16 12
5591 21 6
5590 7
5593 16 12
5592 5
5595 25
5594 4 23
5597 13
5596 17
5599 7
5598 24
3035 29
319 33
318 4
313 7
312 19
311 4
310 1
317 0 1 12 16
316 2
315 0 29
314 18 7
4213 6
443 19
442 5 7
441 7
440 20
447 8
4218 9 19
445 18
444 2 5
8699 3 7
8698 2
2299 7
2298 8 6 7
8129 24
2293 1 21 6
2292 2
2291 18 7
2290 30
2297 31
2296 6
2295 1
2294 1
8695 29
8694 8
8125 5
8124 18
8691 1
10120 1
8690 27
8693 24
8139 5
8692 7
7290 18
7291 37
7292 18 29
7293 25 12 13
7294 9 5
7295 5
5190 7
7297 2
7298 18
7299 5
9139 17
9138 18 23
7704 7
7928 5
7929 7
7705 27
6299 23
6298 18 5
6297 5 31
6296 29 7
6295 24
5578 15
6293 3
6292 18
6291 21
6290 23
5574 7
5572 5
4672 6
7708 8 10 35
7709 2
8511 5
3438 8
3439 7
4936 15 7
878 9 4 7
879 8 17
3430 7
3431 7
874 9
3433 2 5 15
3434 25
873 6
3436 5
3437 10 21
2741 6
2740 5
2743 7
2742 7
4848 1
2744 5
2747 10
2746 22
4844 18
2748 7
4846 4
4847 5
4840 10
4841 4
4842 1 5 10 11 12 13 14 15 16 17
2038 26 3
5201 26
5200 7
5203 23
5202 31 18 19 7
5205 8
5204 30
5207 7
5206 5
5209 22
5208 3 4
3049 7
3048 2
9648 16 12 4
3041 7
3040 8
3043 7
3042 9 23
3045 10
3044 2 36 5 18 23 30 31
3047 5
3046 30
10028 18
7522 1
1094 5
1095 6
1096 1 28 5
1097 13
1090 28
1091 10 7
1092 16 3 12 23
1093 9
1912 1
1098 7
1099 4
7523 1
1915 7
8349 26
1322 23
1323 10 4
1320 20
1321 17
1326 7
1327 23 15 21 14 7
1914 4
1325 1
1328 20
1329 7
6451 20
6450 4
6453 18 28
6452 20
6455 4
6454 18
6457 7
6456 16 12
6459 10
6458 8
8136 18 7
8137 2
8130 1 6
8131 1
6909 13
6908 18
7739 4
7738 7
7733 22
7732 15
7731 8
7730 18 23
7737 32
7736 24
7735 5 23
7734 18 7
1916 21
3958 11
3953 20
3952 8
3951 5
3950 7
3957 29 6
3956 16 12 29
3955 20
3954 31
8358 18 29
8359 23
8350 12
8351 2
8352 35 23 7
8353 27
8354 25 4 5
8355 34 14
8356 7
8357 25 28
1546 9 7
10020 2 5
4062 10 29
4063 20
4060 10 15
4061 7
4066 23
4067 7
4064 5 15
4065 6
4068 18 4 30
4069 23
5784 2 4
5785 9 19 25 28 17
5786 7
5787 9
5780 2
5781 13
5782 19
5783 23
5788 1
5789 1 19
3603 8
3602 9
3601 18
3600 26
3607 8
3606 16 9 12 25
3605 5 23
3604 1
3609 19
3608 7
4593 16 18 12 23
7529 17
4453 21 6
4452 17
4451 36 7
4450 18
4457 1
4456 31
4455 6
4454 15
4459 25
4458 8
959 7
958 3
951 3
950 23
953 23
952 13
955 4
954 13
957 20
956 2 5
7185 10 5
9645 27
6334 10 18
6335 15
6336 19
6337 17 36 25
6330 9 35 25 17
6331 8
6332 23
6333 32
6338 16 12 4
6339 4
9674 21
9675 20
9676 28 5 37
9677 4
9670 25 20
9671 18
9672 4
9673 2 10 7
10105 31
10104 21
10107 18
10106 18
9678 15
9679 12
10103 19
10102 14
8909 18
8908 17 13 6
717 34 7
8904 18
8907 17
8906 6
8901 23
8900 5
8903 18
8902 17 18 3 14
4969 23
4968 16 12
716 2
7129 2 5
7126 7
7127 31
7124 0 17 19 28 5
7125 12
7122 7
2178 7
7120 23
7121 5
4964 13
10254 23
6841 23
1669 20
1668 1
1667 4
1666 22
1665 4
1664 23 4 7
1663 0 23
1662 18
1661 7
1660 7
591 0 8
590 9
593 1
592 14
595 24 7
594 0 28 7
597 25 31 4 7
596 10
599 6
598 21
2828 31
2829 2 7
2824 16 9 4 13 12
2825 2
2826 15
2827 29
2820 23
2821 19
2822 29 23
2823 2 7
5414 8
5415 16 12
5416 4
5417 6
3382 21
3383 15 7
3380 4 7
3381 18
5418 7
5419 1
3388 34
3389 33 5
1409 18 29
1408 25
1403 7
1402 16 12
1401 7
1400 23
1407 2 5 6
1406 25
1405 29
1404 4
4215 23 15
4214 20
4217 0 16 12 13 21
4216 17
4211 35 22 23
4210 2
1491 7
4212 16 12
5790 30
4219 6
1544 29
1545 1
1542 4
1543 8
3261 3 22
1540 22 7
5579 29
3260 2
5577 16 12
5576 24
5575 4
1541 34 7
5573 11 5
3263 4
5571 9
5570 21 6
3262 6
5799 6
1937 20
5798 16 12
3264 34 7
339 15
3267 4
335 7
334 29 7
337 24 23
3266 6
331 16 12 4 24
330 4
333 16 12 4
332 1
5124 16 12
5125 23
5126 9 7
5127 17
5002 18
9535 5
3195 18 23
3200 23
1497 7
9533 9 7
9532 5
6109 8 5 7
6108 5
6107 18 7
6106 22
6105 15
6104 13 21
6103 18 29 6
6102 32
6101 5
6100 2 18 5
9119 29 23
9118 6
9531 28 5
9449 21
9448 5
9111 2
9110 19
9113 18
9112 22
9115 5
9114 0 1 6
9117 18
9116 14
9530 10 4
8029 16 34 12
3416 7
3417 10
3414 2
3415 7
3412 4
3413 21
3410 31
3411 28 29
8532 24 23
3418 18
3419 27 7
8533 17
8534 7
8535 15
4868 23
4869 5 23
2019 9
2018 17
2015 6
2014 3 6
2017 9
2016 1 23
2011 23
2010 13
4864 7
4865 8
9454 7
7444 5
10259 18 5
10258 1
9034 13
9035 4
10251 2 14
10250 13
9038 4
9039 18
10255 18
7013 23
9447 10
10257 23
9446 27 4 23
10256 18
9445 6
9444 18 3
9443 2
9442 7
9441 8 28
9440 5
458 31
1349 4
450 23
451 2 4
452 4
453 6
454 22
455 22
1346 10
457 18 7
8118 4
8119 1
6929 15
6928 4
6925 35 12 22
6924 18 23
6927 4
6926 18 23
6921 20
6920 24
6923 1
6922 15
7711 16 18 12
7710 18
7713 4
7712 7
7715 13 6
7714 13 6
7717 5 23
7716 24
7719 25
7718 13 14
832 5
9803 17
8376 5
8377 28
8374 18
8375 4
8372 23
8373 30 31
8370 5
8371 32 13
833 14
8378 5 29
8379 5 23
8074 24
752 9
9573 24 23
9435 25 3
4008 7
4009 23
9572 6
4000 4
4001 22
4002 17 22
4003 1 5 7
4004 2 23
4005 10
4006 7
4007 18 23
3971 35
3970 23
3973 4
3972 31
3975 10
3974 5
3977 29
3976 26 7
3979 1 19 31
3978 10
3629 5
3628 29 21 23
3621 33
3620 6
3623 2
3622 17
3625 13
3624 7
3627 1 5
3626 16 12
9433 7
4479 4
4478 6
9457 6
2955 7
4471 13
4470 8 7
4473 2 35
4472 2
4475 1
4474 7
4477 9
4476 18 4
9458 36
2953 6
2464 0 18 14
2465 7
2466 7
2467 7
2460 25 10 18 7
2461 13
2462 29
2463 5
2468 1
2469 17
1026 16 12
9459 2 28
1021 7
1020 9 19 5
1023 4
5343 5
6312 18 23
6313 13
6310 11
6311 2 4
6316 4
6317 17
6314 4 7
6315 3
8530 2
6318 32
6319 18 7
5348 24 6
5349 23
9652 5
9653 9
9650 28
9651 20
9308 7
9309 19
8531 1 35
9655 13
9304 2 20
9305 35
9306 29 23
9307 18 7
9300 28
9301 14
9302 10
9303 7
7684 31
8969 7
8968 10
8963 35
8962 4
8961 3
8960 5
8967 2
8966 18 7
8965 2 31 18 7
8964 7
9455 28
9578 4
1645 7
1644 16 12
1647 4
1646 0
1641 8
1640 9 18 7
1643 0 4 6 7 21 23 29
1642 2
1649 6
1648 18
9456 2
579 16 12
578 26
573 23 7
572 6
571 6
570 9
577 7
576 6
575 9 2 26
574 18
2808 6
2809 1 10 23 18 15
4956 17 22
2802 7
2803 6
2800 5
2801 1 10
2806 22
2807 7
2804 29
2805 16 12 3 4 7
5432 15
5433 10
1423 29 23
5431 1
5436 32
5437 15 7
1427 1
5435 23
3364 5 6
3365 21
5438 25
5439 7
3360 10 4 7
3361 11
3362 16 12 23
3363 6
4273 7
4272 23
4271 22
4270 19 31
4277 2
4276 15
4275 8
4274 10 19 18 22 23
1201 10 7
4279 29
4278 22
1200 17
5555 18
4862 4
5557 4 23
5556 15
5551 18 5 7
5550 18
5553 31 7
4863 23
5559 4
4860 18
4861 24 23 7
4866 25 26 5
4867 5
8589 18
8588 21
2013 2
8581 7
8580 10 5
8583 18
2012 4 22 23
8585 15
8584 1
8587 18 23
8586 20
9453 18 35 7
5129 7
5883 18
5882 2
5881 25
5880 30 31
5887 10
5886 10
5885 0 13 23
5884 17
5889 2
5888 28 15
6554 14
6555 5
6556 4 29
6557 10
6550 25
6551 4
6552 7
5873 25
6558 21
6559 8 13
8270 20
5875 18 23
357 23
356 8 5
355 4
354 18
353 29
352 23
351 16 12
350 4
7508 5
7509 13
359 29
358 0 18 29 23
10118 18
10119 18 7
6125 32
4855 10 4
6127 5
6126 7
6121 9 25 23
6120 18
6123 4 7
6122 29
6129 8
6128 9
4854 22
10110 23 15 7
8677 16 12 26 4
10111 20
2190 19 5
3225 5
4632 7
2192 8
2193 25
2259 21
2258 29
2257 18 29
4637 25
2255 1
2254 2
2253 7
2252 25
2251 7
4636 7
4635 1
4634 8
4800 17 4
3227 7
4802 29 7
4803 1 9
4804 10 15
4805 1
4806 15
4807 1
4808 7
4809 1
2789 1
2788 7
9465 17 23
9464 28
2079 7
2078 1
9461 7
9460 25
9463 1
9462 1
2073 0
2072 7
2071 6
2070 4
2077 17 21
2076 7
2075 10 13
2074 9
3221 16 2 12 5 6
8790 21
9793 15
9792 4
9791 35
9790 18 23
9797 35 20
9796 4
9795 15
9794 8
9799 2 22
3220 9
8791 7
3223 5
8410 22
8415 0
3222 1
7081 4
7080 7
7083 15
7082 4
7085 1 13 6
7084 23
7087 31
7086 1 4
7089 17 21
7088 18
9808 7
9807 4
9806 3
9805 4
6495 1
6494 32 5
6497 7
6496 8 20
6491 4
6490 7
6493 31
6492 16 12
8178 8
8179 7
6499 32
6498 17 7
9802 32
6949 4 22 23
6948 1
9801 7
6943 4
6942 4 5 23
6941 29
6940 21
6947 4
6946 18 23
6945 15
6944 1
8998 9 2
8398 2
8399 23
8394 7
8395 4
8396 18
8397 8 5
8390 1
8391 4
8392 20
8393 16 12
4398 7
4399 4
4390 1
4391 10
4392 18 7
4393 2
4394 16 12
4395 7
4396 23
4397 16 12
3197 1 2
1367 23
470 16 12 23
3194 3
3193 33 10
3192 23
3191 25
3190 16 12
478 1 6
479 23
3199 29
3198 2
4026 21
4027 20
4024 30 31
4025 10
4022 15
4023 10
4020 7
4021 27
4028 10 7
4029 10
8506 15
3999 15
3998 2
3997 29 23
3996 4 23
3995 24
3994 25
3993 32
3992 3
3991 4
3990 3
8165 20
8999 18
8697 23
8164 5
298 23
299 24 6 15
296 18
297 4
294 24 33 15
295 16 1 12
292 21 6 29
293 23
290 5
291 19
587 7
581 25
5487 7
2442 16 12
2443 2
2440 25 31
2441 1 18
2446 21
2447 7
2444 2
2445 8
2448 1
2449 20
7867 5
7866 19 28 13
7865 3
7864 8
7863 3
7862 18
7861 9
7860 1
5486 16 12
7869 10
7868 31
8829 6
6378 16 12
6379 3
10171 35 31
5485 20
6371 9
6372 9 2 25
6373 23
6374 18
6375 21
6376 16 18 12 7
6377 20
10141 18
10140 4
10143 22 15
10142 0
10145 9
10144 28 22
10147 5
10146 22
10149 20 15
10148 31
9638 36
9639 10 18
9328 18 7
9329 28
5484 1
9322 10
9323 9
9320 23 7
9321 8
9326 6 23
9327 28
9324 17
9325 9
8941 18
8940 18
8943 23
8942 4 14
8945 17 2
8944 7
8947 25
8946 16 12
8949 23
8948 35
5483 32 4
5407 2
5406 16 12
7394 7
1434 18 6 7
5482 4
1435 10
1432 1 2 10 5 13
1433 8 5
1623 4
1622 16 12
1621 6
1620 22
1627 31
1626 1
1625 16 12 5
1624 30
1999 18 31 7
1998 1 13
1629 10
1628 7
3209 7
3208 26
5058 22
10233 25
5059 9
2860 5 7
2861 7
2862 19
2863 7
559 1 35
558 21
2866 29
2867 10
555 18 7
554 7
557 5
556 25
551 8
550 25
553 17
552 5
3539 28
1438 0 21 6
5055 18
5408 10 18
1199 2
1198 2
3348 7
3349 22
1191 7
5451 18
1193 21
1192 21
1195 10 23 18 7
1194 23
1197 1
1196 4
9189 2 20 6
7942 5
4259 1 9
4258 10 18 7
4251 1
4250 7
4253 9
4252 1
4255 24 29
4254 1
4257 2 6 9 19 22 31
4256 21
5533 25
5532 8
5531 10 5
5530 7
5537 6
5536 23 15
5535 29
5534 4
5539 18
5538 29
1348 2
459 2
4263 24 1 5 29
6572 23
6573 10 21 6
6570 18
6571 4
6576 24 23
6577 1
6574 7
6575 25
6578 23
6579 16 32 12
5100 7
7694 4
1340 15
7696 2
7697 29
7690 5 15
7691 15
7692 5
1341 5
7698 13
1342 19
3834 2
3835 5 23
3836 15
3837 7
3830 7
3831 23 7
3832 7
3833 1
1344 19
3838 3
3839 23
1345 16 25 12
456 1
1347 5
379 5
378 25
7520 2
7521 15
7526 18
7527 20
7524 23
7525 4
371 10
370 3
373 10 7
372 7
375 4
374 1 9
377 25 4
376 1
6143 4
6142 7
6141 3 15
6140 13 29
6147 7
6146 10
6145 1
6144 5 15
6149 7
6148 5
8110 17 31
8111 25
5104 16 12
8116 19
8117 2
8114 6
8115 26
5549 6
6500 30 7
2275 6
2274 20
2277 7
2276 3
2271 9
2270 10 5 13
2273 7
2272 1 31
2279 3
2278 4
5543 9
9764 8
5545 18 15
2051 23
2050 25
2053 6
2052 9
2055 29
2054 19 30
2057 25
4829 23
2059 6
2058 2
4824 4
4537 24
4822 7
4531 7
4532 22
4821 4
7980 4
7981 5
7982 19
7983 9
7984 13
7985 4
7986 2
7987 4 29 23
7988 5
7989 9
9409 3
9408 10
10230 20
3226 6
8595 17
7324 6
7325 18
7326 1 35
3783 16 12
7320 7
7321 4
7322 4
7323 16 28 2 12 7
10084 30
10085 18 7
10086 17 31
10087 4
7328 4
7329 2
10082 4
10083 23
8858 5
8853 18
8852 9
8851 5
8850 10
7069 2
7068 5
7067 15
7066 4
7065 25
7064 15
7063 18
7062 18
7061 31
7060 24 29 22 23
8855 16 12
8854 24 6
6961 31
6960 1 4 6
6963 15
6962 10 4 7
6965 30 31
6964 4
6967 4 31
6966 27
6969 6
6968 28
8154 16 12
8155 4 15
8152 1 18
8153 18 29 23
8150 18
8151 9
5899 15
8228 16 12
8229 20
6465 4
9988 7
9989 13
9986 18
9987 15 36 5 13
9984 3
9985 18 35 34
9982 7
9983 23
9980 4
9981 4
10236 15 5 7
414 9 5
415 16 12 7
416 10
417 16 10 12
410 2 4
411 17
412 23 7
413 18
1384 17
1385 18 23
1386 1
1387 16 12
418 7
419 7
1382 18 23
1383 7
9194 23
5461 22
8107 4 23
1775 19
1774 7
1777 29
5277 18 23
5270 31 7
1770 2 7
5463 23
1773 15
5273 7
5462 9
5278 25
5279 5
5465 19
6688 8 16 12 36
6689 7
6680 27
6681 34
6682 7
6683 5
6684 13
6685 29
5464 16 12
6687 24 18
2428 7
2429 4
2420 21
2421 10
2422 10
2423 10 21
2424 22
2425 19
2426 4
2427 8
7849 18
7848 36 23
7845 0 1 4 13 18 19
7844 2
7847 27
7846 4
5467 15
7840 5
7843 7
7842 17
6356 4
6357 4
6354 10 18 6 23
6355 22 15
6352 2 6
6353 16 2 12
6350 20
6351 0 3
6358 4 13
6359 0 15
3461 4
5466 5
9340 19
9341 20
9342 10
9343 10 18
9344 23 7
9345 5
9346 22
9347 18
9348 29 23
9349 19
10165 2
10164 28 4 5 31
10163 2
10162 2
9618 13
3460 4
1814 17
1815 1
1816 9
1817 26
1810 1 6
1811 23 7
1812 22
1813 23
1818 26
1819 8
2165 29
2164 6
8109 7
2167 7
9630 31
1609 16 12 10 4 14
1608 7
2166 19
3229 1
3228 18 3
1979 1 25
1978 11
1977 1
3224 7
1975 7
1974 7
1973 5
1972 17
1971 4
1970 3
2163 2
8108 5
10286 7
2162 8
9631 18
2848 16 12 13 21
2849 0
2846 0 18
2847 9
2844 7
2845 7
2842 23
2843 26
2840 7
2841 18 29
3320 1
3321 1
3322 1 31 25 35 9
3323 16 12
3324 8
3325 4
3326 23
3327 15
3328 23
3329 12 29
9632 25 28
5478 25 19 21
5479 27 9 18 3 7
9894 18
9895 35
9896 21
9897 18
9890 3 21
9891 35 15 22 7
9892 16 12
9893 36
5519 18
5518 25
5511 15
3038 23
5513 8
5512 32
5515 23
5514 7
5517 6
1554 33 23
537 6
536 25
535 8 10
534 18 21
533 26
532 22
531 1
530 7
10089 8
539 18 7
538 1 9
1908 25
1909 7
3294 29
1907 22
3296 13
6518 5
6519 13
1905 31
6510 5
1902 26
6512 18
6513 7
6514 10
6515 4
6516 23
3291 23
5131 6 7
1901 10
3812 2
3813 15 7
3810 2
3811 4
3816 12
3817 35
3814 23
3815 7
3818 7
3819 4 7
8457 20
8456 5
8455 8
8454 1
8453 8 5
8452 23
8451 32
8450 18
8459 9 25
8458 19 30
7548 18 7
7549 5
7540 29
7541 5
7542 20
7543 5
7544 29
7545 27
7546 6
7547 2
6169 23
6168 23
6161 18
6160 18
6163 5
6162 0 8
6165 2 5
6164 16 32 27 12
6167 16 12
6166 1 2 4
8856 17 34
10080 31
2213 23
2212 1 27 37
2211 22 7
2210 30 6
2217 7
2216 9
2215 6
2214 1
10081 9
2219 2 13 7
2218 5
6137 19
4518 16 12
4519 1
4512 4 7
4513 7
4510 8 1
4511 18
4516 1
4517 17 15
4514 18
4515 0 32 2 5 12 30
9429 20
9428 4
9421 15
9420 17 12
9423 28
9422 6
9425 18
9424 4
9427 18
9426 2 5
5289 24
5288 1 6
5281 16 12
5280 24 26
5283 10
5282 15
5285 7
5284 9
5287 13
5286 23
7615 17
9025 10 18
9024 7
9027 13 6
7302 16 12
7303 18
7300 29
7301 19
7306 0 23
7307 17
7304 5
7305 8
9285 18 4
9021 29
7308 27 31
7309 21
9281 6
9280 5
9283 18 7
9020 8 7
9023 8
9022 5
9471 18 7
10060 35 4
9490 5
9477 16 12
7045 5
7044 1 13 19 21 22 31
7047 5
7046 10
7041 1
7040 1
7043 16 1 12 20
7042 4
7049 16 12 5
7048 23
10208 17 7
10209 6
9491 18 31 23
9108 9
8608 23
8609 1 2
6989 5 6 12 14 16 31
6988 32
6987 5
6986 27
6985 4
6984 18
6983 1 2 5 6 12 16 22 31
6982 37
6981 16 18 12
6980 4 5 29
9109 4
7693 35
2989 33 23
2988 10 29 14
9493 18
2983 15
2982 31 7
2981 16 12
2980 31
2987 2 31
2986 6
2985 9
2984 2
1018 7
1019 1
1014 8
1015 18
1016 4
1017 0 1 5
1010 22
1011 4
1012 4
1013 16 12 23
9494 4
4358 9 7
4359 1
4354 2
4355 1 31
4356 22 7
4357 4
4350 10 22
4351 5 31
4352 9 4 5
4353 10
9495 25
438 10 7
439 18 7
436 16 12
437 8 25
434 18
435 18 23
432 7
433 34 7
430 16 12
431 7
9497 17
1436 9
5708 7
5709 18 15
5704 0 8 32 25
5705 4
5706 16 2 12
5707 18
5700 23
5701 4
5702 22
5703 31
1437 7
8025 15
9594 1
9597 6
5357 1 31
5356 19
1052 36
1430 2
7829 4
5354 3 6 7
7823 2
1054 4
7821 21
7820 1
7827 10
7826 4
7825 9
5352 7
1056 4
1057 7
1431 1
9368 17
9369 28
9366 24
9367 35
9364 6
9365 2
9362 6
9363 2
9360 23
9361 23
8985 18
8984 5
8987 5 6
8986 2 15 7
8981 16 12
8980 7
8983 16 12
8982 4
8989 5
8988 21
1832 4
1833 7
1830 16 12 4
1831 1
1836 10
3798 25 7
1834 6
1835 23
3795 32
3794 1
1838 1
3796 1 2 35
3791 3 4
3790 10
3793 9 18
3792 34 3 7
4981 1
4980 23
4983 5
2157 7
4985 7
4984 24 7
2400 7
4986 18 23 7
4989 2
4988 18 7
2158 7
2159 7
2408 1
2409 5
1955 7
1954 7
1957 19
1956 25
1951 4
1950 22
1953 23
1952 21
1959 7
1958 23
3249 7
3248 1
3243 10 7
3242 25
3241 7
3240 4
3247 1
3246 23
3245 2
1990 10
1993 7
1483 8
1482 10
1481 1 9
1480 1
1487 1
1486 10
1485 4
1484 29
3306 25
3307 18 23
1489 4
1488 8
3302 8
3303 23
3300 19
3301 2
1992 31
612 26
613 25
9396 15
610 5
1273 29
1995 5
1275 30
2060 1 10
614 1
2061 5
615 1
2062 21
2063 22
1994 4
2064 10
2065 16 12
519 7
518 21 7
2066 6
511 19
510 19
513 4
512 22
515 29 7
514 17 19
517 4
516 7
1227 7
1226 19
621 7
1224 1 7
1223 2 10
1222 7
1221 34 23
1220 4
629 30
628 21
1229 5 7
1228 10
6536 30
6537 1 2
6534 9
6535 20
6532 28
6533 17
6530 1
6531 23 15
8299 24
8298 18 7
8792 16 12
6538 1
6539 2
8793 19
8794 6
8795 25 28
8796 22
8797 5
3878 17
3879 13
3870 8 23
3871 2
3872 9 7
3873 2
3874 19 21
3875 4
3876 4
3877 4
8479 22 7
8478 1
8475 25
8474 6
8477 27
8476 2 5 14 23
8471 25
8470 25
8473 17
8472 2
7566 36
7567 2
7564 7
7565 24 7
7562 18 3
7563 17
7560 15
7561 2
10129 24 18
7568 1 6
7569 26 7
10128 1
9656 1 14
9657 19
9654 9
6865 17 7
10123 18
10122 18
9658 18
4167 3 7
4166 15
4165 10 21
4164 6
4163 0 19 31
4162 15
4161 27
4160 15
10127 5
4169 4
4168 1 34 13
10125 1 3 4 18 23 27
10124 29
8646 7
2239 22
2238 23
2231 20
2230 8 2
2233 2
2232 20
2235 8
2234 34
2237 21
2236 6
5937 8
5936 36 31
5935 1
5934 23
5933 4
5932 23
5931 7
5930 15
5939 23
5938 15
4608 8
3498 9
3499 1
3496 2 13
3497 27 4 6
3494 16 12
3495 9
3492 4
3493 1
3490 5
3491 18 29
2095 30
2094 30 31
4572 24 33 6
4573 19 30 31
2091 1 3 9
2090 25
4576 26
2092 4
4578 18
4579 4
7699 2 18 5
2099 2
2098 2
8423 34 7
4605 24 18
9789 2
7368 1
7369 25
7360 4
7361 18 7
7362 7
7363 6
7364 7
7365 18 7
7366 6
7367 29 15
3 23
9121 23
7023 23
7022 1 2
7021 7
7020 5
7027 2
7026 8
7025 19
7024 18
10224 19 31
10225 4
7029 5
7028 2
10220 16 1 12
10221 23
9009 8
9008 3
9012 27
9832 2
9833 16 12
10068 2
9830 10 28
7594 4
9836 5 6 13
9013 31
9837 16 12 13
7799 17 5
7798 2
9834 5
7791 18 7
7790 2 7
7793 2
7792 17
7795 5
7794 3 4
7797 17
7796 12
1038 2
1039 6
1032 0 9 6
1033 4
1030 10
1031 6
1036 1 2
1037 10
1034 7
1035 1
4378 4
4379 22
4372 8 15
4373 0 9 14 17 18 29
4370 4
4371 7
4376 22
4377 8
4374 4 23
4375 7
8660 6
8661 1
8662 13
8663 23
8664 4
8665 18 5 23
8666 22
8667 2 5
8668 23
8669 21
4080 35
4081 10
4082 2 27 12
4083 23
4084 24 23
4085 16 12 4
4086 24
4087 24 29
4088 6
4089 4
5728 18
5729 17 2
5722 29 23
5723 29
5720 18
5721 18
5726 5
5727 25
5724 4
5725 7
8084 6
8085 1
8086 35
8087 31
8080 18 7
8081 7
8082 7
8083 17
8088 5
8089 18
6648 23
6649 23
6644 16 18 12 5 14
6645 13 14
6646 22
6647 4
6640 27
6641 21
6642 8 17
6643 16 12 23
7801 21
7800 12
7803 6
7802 4
7805 5
7804 10 4
7807 4
7806 18
7809 2
7808 15
6398 2
6399 5
6392 20
6393 23
6390 6
6391 19
6396 1
6397 13 6
6394 16 32 12
6395 18
2396 4
2397 23 7
2394 4
2395 25
2392 7
2393 17
2390 18 23
2391 7
2398 7
2399 2 7
9496 15
9190 13
1858 18
1859 4
5693 7
1850 36 28 5
1851 1
1852 7
1853 7
1854 29
1855 1 2
1856 29
1857 19
2172 6
2173 4
2170 7
2171 4
2176 18
2177 9 18 15
2174 23
2175 1 13
4967 16 12
4966 10 6
4965 7
2179 19
4963 18 7
4962 2
4961 16 24 12 7
4960 0 16 12
1421 23
5694 5
1420 23 5 15
5695 15
5430 7
1933 10 13
1932 16 12 4
1931 6
1930 8
5128 1 3 36 5 11 12 16 24 27 30 31
1936 23
1935 16 12 5
1934 9
3269 3
3268 7
1939 31
1938 28
5120 24
5121 31
5122 7
5123 18 7
7944 23
5434 4
7945 9
1426 1
7946 2
1429 2
7947 29
1428 1
7940 4
3366 7
7941 13
3367 9
7230 20
7943 30 31
9887 7
9886 19 5
9804 0
6886 13
6887 18
6884 5
6885 8 18 28 5
6882 10
6883 5 7
6880 31
6881 2
6888 24
6889 14
9884 18
605 16 12
604 5
607 21
606 31 1 27 17 7
601 7
600 1
603 18 14 15
602 10
1205 20 4
1204 13
1207 3 7
1206 29 7
609 7
608 29
1203 1
1202 1 31
8106 13 6 23
8279 18
8278 15
8277 26 6
8101 32
8275 1
8274 10
8273 35 4
8272 4
8271 14
8100 23
9882 7
1353 4
1352 5
1351 10
1350 22
461 3 4
10029 18
1356 31
8419 12
8418 17
463 6 7
8413 17 2
8412 27
8411 23
462 1 7
8417 1
8416 4
8265 5
8414 2
7588 7
7589 3 7
9809 18
5554 18
7584 15
7585 4
7586 5
7587 18 7
7580 37
7581 27 19 31
7582 16 12
7583 7
5552 24 10
6950 17
6951 16 32 12
6952 15
6953 16 10 12
4149 5
4148 9 34
4145 21 6
4144 18 23
4147 1 5 7 12 13 16 18 25 27
4146 5 7
4141 24 1
4140 18 4
4143 9 5
4142 5
3856 4 5
3857 25 2
3854 1
3855 1
3852 8
3853 8 13
3850 25
3851 5 23
6957 1
3858 2 22 23
3859 9 2 19 31
1062 25
5919 10 28
5918 5
5915 24 23 29 7
5914 1 28 13 23
5917 0 33 2 4 5 6 7 10 25 27
5916 7
5911 25 4 22
5910 1 10
5913 16 12
5912 31
4558 1
4559 16 12
4556 6
4557 16 12
4554 15
4555 29
4552 24
4553 24 5 6
4550 9 22
4551 16 12
9771 18
8582 9
6077 5 23
6076 23
6075 18
6074 6
6073 7
6072 28
6071 19 4 5 31
6070 5
6079 23
6078 18
2617 30 23
2616 5
2615 22
2614 7
2613 23
2612 23
2611 2 15 7
2610 23
2619 20
2618 8
7346 17
7347 4
7344 1
7345 24
7342 20
7343 22
7340 21
7341 17
10026 5
10027 1
10024 23
10025 6
10022 1
10023 27
7348 7
7349 1
1186 24
1187 32 6
7009 19
7008 22
10248 2
10249 1
9029 28
9028 23 7
7001 1 6 9
7000 16 19 12
7003 2 5
7002 21
7005 35
7004 13
7007 23
7006 18
1184 7
740 6
741 0 9 5 17
742 16 12
743 2 22
744 18 23
745 7
746 6
747 19
748 0
749 6
1185 7
9800 8 5
2949 32 35 6 12 13 16 17
2948 6
2947 7
2946 23
2945 0 17 5
2944 31
2943 33
2942 5
2941 7
2940 1 5
1050 4
1051 19
5355 17 2
1053 2 13
5353 16 12 7
1055 4 23
5351 24
5350 2
1058 5
1059 7
9387 10 35 5
5359 19
5358 24
4310 9
4311 1
4312 10
4313 25
4314 1
4315 35 4 7
4316 32 23
4317 4
4318 24 10 18
4319 2
1180 25
3119 4
3118 18 4
3117 18
3116 29
3115 7
3114 6
3113 29 23
3112 1 5
3111 8
3110 2
8648 7
8649 21
5795 3 4
8647 15
8644 18
8645 18
8642 1
8643 23
8640 18 7
8641 17 23
1181 23
5740 17
5741 29 7
5742 32
5743 18
5744 1
5745 2
5746 4
5747 9 22
5748 1 13
5749 8
5267 1
9380 30
5266 2
1702 23
1703 4
5263 21 23
5262 16 3 12 15
5261 0
5260 25
1600 8
5794 18 7
2137 1
6668 10
6669 18
6662 24
6663 15
6660 2
6661 10
6666 13
6667 10 12
6664 19
6665 9
7 3
2134 9
9127 15
2135 4
2378 2
2379 13
2374 4
2375 12
2376 7
2377 29
2370 4
2371 25
2372 4 22
2373 21
1876 4
1877 10
1874 31
1875 16 12
1872 23
1873 1
1870 10 22 7
1871 23
2133 7
1878 7
1879 23
4945 23
4944 7
4947 1
4946 31
4941 1
4940 1
4943 4
4942 4 30 31
4949 22
4948 18
2118 6
2119 8
6041 18 7
2110 18
2111 12
2112 7
2113 1 2 9
2114 2
2115 7
2116 3
2117 23 25 15 22 7
1919 20
1918 7
5108 24 23
5109 9
3289 25
3288 9 22
5102 10 6
5103 23
1913 1 20
5101 7
5106 10
3282 0
3281 3 23
3280 31
883 7
882 17
881 23
880 31
887 20
886 18 4 21
885 1
884 10
889 1
888 31
5245 5
7504 3
7505 27
7506 10
7507 10 13
7500 18 15 7
5792 23
8766 18 7
7501 18 15
7502 31
6616 7
7503 9
6868 20
6869 15
6864 19
5247 3
6866 6
6867 6
6860 16 25 18 12
6861 20
6862 18 7
6863 2
9582 5
9583 9
9270 6
9580 10
9581 7
9889 13
9238 7
9888 19
9239 20 13
8255 22
8254 3
1269 3 4
1268 5 23
8251 20
8250 4
669 23
668 1 5 25
1263 16 12
1262 18 7
665 29
664 9
663 26
662 23
1265 18
1264 16 12 23
1911 25
8789 5
8788 10 27
1910 5
8783 26
8782 4
8781 14 23
8780 8
8787 31
3285 23
8785 21
8784 22
3284 20
7618 12 4
7619 18
7614 8 31
3283 10 15
7616 5
7617 4
7610 12
7611 9
7612 1
5107 18 3
1917 2 30 31
5105 9
8431 36
8430 5
8433 22
8432 18 29
8435 16 18 12
8434 21
8437 4
8436 24
8439 3
8438 15
9825 18 7
9824 4
9827 23
9826 2
9821 1
9820 9
9823 2 5 7 21 23 24 37
9822 2
9829 28
9828 15
6124 10
8516 4
8517 18 23
8514 25 28
8515 1 6
8512 28 31
8513 28
4129 31
4128 30
8510 19 21
4123 25
4122 7
4121 1
4120 25
4127 8 1 7
4126 7
4125 1 6
4124 24
5689 2
5688 5
5685 18
5684 18
5687 27
5686 3
5681 23
5680 19 10 3 14
5683 16 12
5682 2
8760 23
5979 2 13
5978 18 5
5973 18 7
5972 1 29 17
5971 21
5970 21 6
5977 5
5976 6
5975 29 23
5974 5
2587 31
2586 9
2585 1
2584 4
2583 4
2582 6
2581 1
2580 4
2589 26 7
2588 4
280 5
6059 18
6058 4
6055 5 29
6054 18 23
6057 20
286 1 29 23
6051 24 6
6050 6
6053 28 7
6052 10
10004 18
10005 2 5
10006 20
10007 19
2639 24
2638 1
10002 18
10003 35
2635 16 12
2634 7
2637 31
2636 35 19
2631 9 4
2630 5 15
2633 16 12 4
2632 1
9599 10 5
9598 6
9229 12
9228 6
9227 2 18 7
9226 28
9225 29
9224 3
9223 4
9222 2 6
9221 16 12 5 14
9220 4
10260 2
10261 5 6 13
10262 7
10263 35
10264 7
10265 20
10266 18 7
10267 16 17 12
10268 17
10269 18 7
9049 25
9048 6
9043 0
9042 4 5
9041 14
9040 1
9047 8 18 7
9046 4
9045 25
9044 18
3544 4
3545 7
3546 9 27 4 5 25
3547 9
3540 15
3541 7
3542 6
3543 4
3548 20
3549 16 12
2965 21
2964 22 7
2967 5
2966 21 29
2961 18
2960 4
2963 5
2962 19
762 1
763 13
760 7
761 4
2969 1 13
2968 1
764 10
765 3 7
5379 23
5378 16 2 12 31
1078 0
1079 18 23
5375 15
5374 19
5377 19
1075 1 4
5371 31
5370 24
5373 18
1071 16 12 5
5583 7
4338 16 12
4339 4
4336 29
4337 2 18 7
4334 4
4335 15
4332 23
4333 9
4330 6
4331 5
3135 21 22
5182 2
3137 7
3136 10 7
3131 1
3130 9
3133 19 3 15
3132 1
3139 16 28 35 12
3138 18 23 15
1533 1 31
10287 18
5183 18
5180 15
5768 10
5769 19
5766 8
5767 3
5764 6
5765 18
5762 13
5763 18
5760 15
5761 15
1531 29 7
5181 8 16 12 24 33
8192 2 23
8193 18
5186 13
8190 10 4
8191 31
2256 1
8196 16 12 14
8197 1 27 7
8194 18 29 23
5187 9
8195 1 2
2978 7
7427 18 7
7426 18
7425 7
2979 13
7423 8
7422 15
7421 21
7420 4
2250 4
7429 29
7428 23 18 15 7
5184 1
6600 1
6601 18
6602 1 17
6603 23
6604 2
6605 9 28 25
6606 7
6607 15
6608 4 13
6609 9
5185 5
2974 23
2975 16 12
1043 18
4570 7
1042 1
5360 16 12
1040 3
5366 24
5367 20
4571 7
5364 14
5365 18 23
2358 27
2359 31
2352 25 6
2353 18
2350 7
2351 7
2356 19
5368 16 12
2354 10
2355 16 12
5369 7
1898 5 29
1899 4
3739 26
3738 3 5
3737 33 34
3736 7
3735 18 7
3734 2
3733 23
1891 34
3731 1
3730 4
4691 22
4690 11
4693 29 7
4692 30 31
4695 30
4694 15
4925 4
4696 18
4699 6 15
4698 10
4929 19
4928 16 12
2138 6 31
2139 1 13
5160 1
5161 18 23 7
5162 5
5163 7
5164 2
5165 17
5166 9
4801 17 18 7
5168 5
5169 4 15
2787 12
2786 10
2781 7
2780 18 5
2783 23
2782 18 23
9698 9
9699 4
9696 29
9697 1
9694 10 35
9695 2 5
9692 5
9693 1
9690 24
9691 19
8257 18
8256 5
8253 18 7
8252 13
9467 6
667 18 23
9466 17
666 16 12
1261 8 5
1799 7
1798 17 18
10021 34
1793 13
1267 23
1791 30
1790 12
1797 7
1796 18 23
1795 20
1794 18 15 29 7
6848 8 18
6849 5
661 6
6842 17
6843 18 7
6840 26
660 23
6846 8 1
6847 25 18
6844 16 12
6845 3
9469 13
9468 13
6590 21 6
6591 2 6
6592 20
6593 17
6594 34
6595 16 10 12 7
6596 23
6597 5
6598 5
6599 9
8239 18
8238 16 12
7638 7
7639 17
7632 1 30
7633 18
7630 2
7631 7
7636 18
7637 18
7634 1 20
7635 7
1025 1 13
9169 1 19 5 30
9843 2 22
9842 13
9841 3 22
9840 16 12 30
9847 9 7
9846 28
9845 18
9844 1
9849 9
9848 23
5345 17
1241 26
3093 23
3090 9 18
3091 8
3096 29
3097 23
3094 15 22 7
1530 18 23
1249 34 38
648 31 26 19 15
3098 7
3099 23
5346 18 23
1539 7
1538 33
4101 5
4100 7
4103 2
4102 24 10
4105 18 5
4104 5
4107 9
4106 5
4109 6
4108 29
7613 22 23
9647 17
9646 2 18
9641 5
9640 6
3898 23
3899 35
9643 2
3892 17
3893 7
3890 23
3891 10
3896 1
3897 23
3894 10
3895 23
5341 7
8741 28
5951 15
5950 15
5953 4
5952 22
5955 7
5954 21 6
5957 1
5956 10
5959 5
5958 25
9167 18 23
1454 17
1991 31
1455 23 7
5774 23
9798 5
6039 4
6038 4
6033 5
6032 34
6031 29
6030 15
6037 19 21
6036 1
6035 7
6034 28
9205 23
9204 35
2659 13
2658 20 23
9201 18
9200 6 23
9203 28
9202 2 14
2653 16 12
2652 1
2651 4
2650 10
2657 5
2656 9
2655 7
2654 21
7388 21 5 7
7389 31
7382 1
7383 5 7
7380 29
7381 7
7386 16 2 12
7387 20
7384 25
7385 17 7
9061 20
9060 6
9063 14
9062 17
9065 8
1452 3
9067 16 12
9066 4
9069 8
9068 0
10284 9
10285 1 31
10282 5
10283 10
10280 35
10281 3
3562 17
3563 7
3560 21 22
1453 1
3566 0
3567 19
3564 2 4
3565 1 9
3034 10 18
3568 16 2 12
3569 8
4484 16 12
4485 1 6 7
4486 24
4487 23
4480 1
4481 7
4482 35
4483 5 13
4488 8
4489 23
2903 21 6 23
2902 8
2901 22
2900 25
708 29
709 4
2905 7
147 17 23
704 21
705 23
706 5
2908 16 12
700 1 31
701 15 7
702 7
703 18 23
2486 25 10
5319 5 21
5318 19
5313 16 12
5312 23
5311 5
141 8
5317 1 25 15
5316 18
5315 15
5314 6
2487 1
3214 33 23
1987 26
1984 10
3153 4
3152 12
3151 8
3150 1 22 9
3157 31
3156 25
3155 23
3154 23
1982 7
3159 9 5 17
3158 34
1983 28
1980 7
1981 6
1260 4
2482 7
1266 1 18 31
2483 9
2480 6
8574 7
8575 23 15
8576 15
8577 16 12
8570 26
8571 32 18
8572 24
8573 6
8578 5 23
8579 18
7409 20
7408 9
7405 6
7404 19
7407 18 15
7406 5
7401 20
7400 16 32 12 7
7403 18
7402 6
568 7
569 26
2816 21 6 7
6628 23
6629 23
6626 10
6627 24
6624 8
6625 18 7
6622 0
6623 25
6620 2
6621 4
564 35
565 0 3
4714 2
4715 22
4716 6
4717 4
4710 2
4711 4
4712 4
2337 33
2338 23
2339 1 4 6 9 10 19 31
4718 7
4719 5
3715 10
3714 6
3717 18 21
3716 18
3711 23
3710 23
3713 0
3712 28 6 31
3719 12
3718 9
8189 4 23
4909 16 2 12
4908 2
4679 2 23
4678 2
4901 2
4676 13
4903 2
4674 7
4673 18 23
4904 8 18 23
4671 25 6
4670 25
7437 1
8188 7
5148 16 10 12
5149 13
5146 10
5147 29
5144 1
5145 16 24 12
5142 15
5143 25 2 31
5140 20
5141 24 18 4 23
120 2
121 22
122 1 2
123 1 10
124 23
125 1 13 14
126 6
127 8 18
128 0 10 15 5 7
129 22
7957 6
1188 4
7956 16 12 6
1189 7
7955 23
3377 7
7954 18 5
3376 8
7953 17
3375 23
7224 20
3374 18 23
7951 15
3373 12
7950 32
3372 31
9164 22
3371 3 7
9165 4
3370 7
7247 20
7246 2
7245 23
7244 1
7243 22
7242 18 23
7241 4
7240 2
7249 17
7248 36
9162 27 31
9163 5
6820 18
6821 22
6822 20
6823 7
6824 1 34
6825 15
6826 2
6827 7
6828 7
6829 7
8817 5
8816 4
8815 29
6676 1 20
8813 5
8812 13
8811 1 35 5 31
8810 6
8819 16 12
8818 9
8219 15
8170 15
8749 4 14
8171 5
8211 23
8210 0 4
8213 18 23
8212 35
8215 8
8172 18 7
8217 35 31
8216 19 3
7650 36
7651 13
7652 18
7653 17
7654 28 15
7655 23
7656 10
7657 35 22
7658 10
7659 1
8175 2 27
1997 19
8176 0 10 5 7
8177 8
9562 18 7
9563 18
9869 28 5 30
9568 5
9569 18
9861 7
3393 1
9863 35
9862 20
9865 16 18 12
9864 7
9867 31
9866 29
1519 8
1518 31 23
3392 6
1515 6
1514 4
1517 1 20 7
1516 20
1511 18 6
1510 3
1513 4
1512 8 1
3395 1
8899 5 23
3394 7
3397 10
3396 8
263 7
262 5
261 10 6 7
260 20
267 7
266 5 23
265 1 31 9
264 17 18
269 18
268 2
6011 2 29
6010 18
6013 1
6012 16 12
6015 0 18 35 5
6014 8 9 22 6
6017 4
6016 5
6019 7
6018 18 15
9263 23
9262 18 31 5 23
988 25 18 5
989 1
9267 4 6
9266 6
9265 16 12 4
9264 15
982 1 9
983 5
980 7
981 23
986 32 2
987 16 19 12 31
984 7
985 18 4 7
1388 8
9089 4
9088 17 23
9087 23
9086 18
9085 6
9084 18
9083 7
9082 29
9081 4
9080 37 6
10008 2 5
1389 18
3508 25
3509 23
5089 23
5088 4
5083 23
5082 16 12 5
5081 5
5080 23
5087 25
5086 1 23
5085 8
5084 18
2671 0 6
2670 16 2 12 18
2673 7
2672 7
2675 1
2674 7
2677 4
2676 10
2679 9
2678 19
1209 7
2929 18 23
2928 16 12
2921 31
2920 2
2923 5
2922 33
2925 6
2924 7
2927 4
2926 33
5331 1 10
5330 23
5333 32 4 6 7 13 18 21
5332 19
5335 4 7
5334 7
5337 19
5336 18 23 14 7
1208 10 21
5338 7
3179 17
3178 13
2037 4
3171 17
3170 10
3173 4
3172 25
3175 7
3174 5
3177 3
3176 22 23
726 29
727 0 29
724 20 7
725 17
722 8
723 1
720 7
721 25
728 1 19
729 7
1164 25
1165 1
1166 5
1167 25
1160 4
1161 7
1162 7
1163 2 20
1168 10
1169 4
2035 23
1366 24 23
3196 2
2034 4 7
1380 7
471 4
476 23
2785 3 7
477 5
1713 22 7
474 17
1712 7
2033 19
9235 8
1711 23
1381 16 12
8552 18
8553 16 12
8550 23
1710 29
8008 5
8009 34 19
8554 13 6
8555 9 15
8004 2
2784 10
8006 37
8007 8 28
8000 13
8001 1 6
8002 18 29
1716 17
1715 2
2032 5
1714 23
7469 37
7468 8 6
1368 9
7463 8
3728 13
7461 5 6
1369 22
7467 19
1719 2
7465 16 12
1864 29
1718 17
2031 4
10061 23
9389 7
1869 5 21
1868 34
2030 8 5
4930 25 3
4931 1 6 31
4932 4
4933 3
4934 5
4935 32 15
4732 16 12 5
4733 7
4730 1
4731 7
4736 25
4737 2
2318 2
2319 23
2316 16 17 3 12
2317 6 23
2314 7
2315 5
2312 16 12 4
2313 25 3
2310 8
2311 7
5854 24 2 18
5855 1 13
5856 21 31
5857 10 29 18 6 23
5850 15
5851 16 12
5852 24
5853 18
5858 15
5859 7
3773 19
3772 7
3771 20
3770 17
3777 21
3776 2
3775 7
3774 4 21
3779 2
3778 4
4655 20
4654 24 18
4657 24 7
4656 23
4651 7
4650 18
4653 4
4652 16 1 10 12
4659 17
4658 7
7889 8
7888 4
7881 7
7880 23 7
7883 18 30
7882 20
7885 36
7884 18
7887 4
7886 36
108 29
109 7
102 35 18 3
103 9
100 3 4
101 23
106 30
107 10 7
104 16 12 4
105 3
6056 2 12 16 25 30 31
10000 7
10001 18 7
7517 18
7269 5
7268 31
7516 20
7265 1 9
7264 32
7267 5
7266 31
7261 23
7260 2 13
7263 20
7262 5
6204 16 12
6205 1
6206 22
6207 24 19 23
6200 7
6201 6
6202 23
6203 5
7513 2 6
6208 19
6209 6
7512 25 21 14
7511 16 12 4 15
6808 18
6809 6
6806 18 7
6807 4
6804 5
6805 7
6802 6
6803 2
6800 5
6801 1 13 23
9744 0 10 15
9745 25
9746 0 18 22 23
9747 31
9740 18
9741 6
9742 6
9743 5
9748 9
9749 7
8839 6
8838 23
8835 4 14
8834 5
8837 22
8836 2
8831 30 31
8830 5
8833 20
8832 5
9595 24
7678 23
7679 37
7676 36
7677 6
7674 17
7675 23
7672 18
7673 20 4
7670 10
7671 23
9596 16 12
9591 28
9590 18 23
9593 4
1759 26
1758 5
1757 18 23 7
1756 7
1755 23
1754 31 4 7
1753 23
1752 29
1751 7
1750 1
1285 17 5 21
1284 7
1287 5
1286 33
1281 9
1280 4
1283 7
1282 2
1289 23
1288 18
8765 2 5 14
8764 19
1579 8
1578 34
689 16 12 13
688 10
8763 16 12
8762 5
685 10
684 7
687 4
686 25 19 4 14
681 9 3
680 1 17
683 7
682 8
8501 18 35
8500 5
1240 19
8503 36
8502 21
8505 23
10240 6
8504 2
8507 6
5629 5
5628 18 4
5627 18
1243 16 12 4
5625 20
5624 4
5623 19 3
5622 32 5
5621 13
5620 25
8493 5
8492 16 12
8491 24
8490 18
8497 10
8496 18
8495 5
8494 24
8499 22
8498 35
1242 24
5995 5 13
5994 28
5997 5
5996 27 19 5
5991 9
5990 4
5993 3 5
5992 13
10246 35
5999 13 6
5998 16 2 12 10
10247 27
7499 15
1244 8
10244 18 7
6781 7
6780 18
6783 15 7
6782 4
6785 18
6784 8 2 12
6787 6
6786 4
6789 23
6788 9 31
10245 17
1246 29
7498 18
245 29
244 10
247 16 12
246 29
241 7
240 26
243 20
242 6 23
249 7
248 8 29
7493 7
7490 27
9249 13 6
9248 22
7491 17
9539 18 7
9538 7
9241 0
9240 5
9243 6
9242 20
9245 4
9244 22
9247 31 29 21 7
9246 18 7
3698 20
3699 25 21 31
3690 2 28 7
3691 7
3692 31
3693 7
3694 35
3695 3
3696 29 23
3697 29
9970 3 5
2156 25
3526 7
3527 8 4
3524 25 7
3525 25 19
3522 19 29
3523 8
3520 2
3521 18
3528 22
3529 1
1364 7
338 1
2150 2
2699 29 7
2698 26 6
2697 18 15
2696 6
2695 4
2694 18
2693 7
2692 1
2691 6 7
2690 17 6
1362 7
2152 1
1363 8 7
10178 18
2153 6
1360 23
10179 4
1361 19
1142 2
1143 4
1140 19 31
1141 23
1146 16 12 7
1147 26
1144 16 12
1145 10 4
1148 7
1149 2
768 9
769 17
336 1 10 4
7199 7
7198 10 18
7193 5
7192 4
7191 31 15
7190 29
7197 10
7196 15
7195 17 23
7194 22
6402 0 29 21 15
6403 36
766 8 23
6400 32 2 5 15 19 25
767 18 23
8538 8
8539 5
8028 5
6401 17 4
8022 23
6406 18
8020 18
8021 10
8026 19 13
8027 17
8024 22
6407 3 15
7441 5
7440 2 5
7443 10
7442 5
7445 1
6404 18 7
7447 23
7446 3
7449 19
7448 22
6405 7
8185 1
8184 35 6
8187 23
8186 10
4282 24 23
4283 7
4280 24 7
4281 20
4286 10
4287 0 35 4 6 7 18 31
4284 23
4285 3
4288 23
4289 1
10170 13 6
380 25
381 10
382 17 5
383 31
384 1
385 6
386 8
387 4 7
388 8 17 24 15
389 29
4758 7
4759 8
4750 2
4751 8
4752 23
4753 5
4754 4
4755 1 10
4756 29 7
4757 27
5872 9
1076 2
5870 29
5871 6
5876 15
5877 16 12
5874 16 12
1077 9 7
5878 31
5879 24 18
1074 23 7
3759 34
3758 7
5376 24 7
3751 4
3750 2 18 5 23
3753 3
3752 19
3755 1
3754 5
3757 2
3756 33
4633 15 5 7
2191 3 15
4631 24
4630 16 12
2194 23
2195 1
2196 5 21
2197 9
2198 21
2199 3
4639 7
4638 7
4813 0
4812 4
4811 9
4810 15
168 0
169 13
164 5
165 1
166 2 5
167 24 21 6 29
160 28
161 2
162 25
163 10 7
4815 4
4814 9 19
6194 4
6195 8
6196 1
6197 9
6190 23
6191 17
6192 7
6193 35
6198 4
6199 4
2734 2
2735 7
2736 4
2737 23
2730 34
2731 19
2732 10
2733 10 18 7
2738 7
2739 25
9186 28
9187 4
9184 23
9185 19 31
9182 16 12 5 23
9183 7
9180 0 16 12
9181 2
8224 36
9188 18
8225 15
7209 16 12
7208 7
7203 23
7202 16 12
7201 6
7200 16 12
7207 4
7206 22
7205 7
7204 23
6222 24 18 4
6223 20
6220 5
6221 23 15
6226 23
6227 23
6224 15
6225 23
6228 9
6229 3
9762 18
6370 6 7
9760 6
9761 9
9766 13
9767 18 7
5558 3 5 30 31
9765 7
9768 35 23
9769 35 28
3134 23
809 21 6
808 13
803 22 23
802 0 10 19 4
801 8 1
800 17
807 5
806 7
805 6 7 10 12 16 21
804 33 2 10
10242 2
8604 16 18 12 7
9284 2 28 13
5274 13
5275 1
5276 27
1776 21
1771 26
5271 2
5272 7
1772 2 4
1779 23
1778 7
9492 15
9287 24
10228 3
9286 17 4
1551 9
1550 10 7
1553 6
1552 31
1555 9
3039 7
1557 7
1556 25
1559 31
1558 7
3036 0 2 4 7 18 22 36
3037 7
3030 31
3031 1
3032 2
3033 31
8703 16 12 4
8702 23 15
8701 15
8700 18
8707 9
8706 20 13
8705 6
8704 12
8709 19
8708 15
5605 7
5604 25
5607 10
5606 8 9 18 28 5
5601 2
5600 18
5603 4
5602 9 5
5609 25
5608 21 6
9633 18
9634 18
9635 10 5
9592 20 6
9636 13
9637 28
9282 17 14 25
6424 18 3
6425 32 4
6426 24 18 6 23
6427 5
6420 18 15
6421 18 7
6422 22
6423 9
6428 10
6429 4
10226 18
10227 4 23
10310 36 21
6769 10 13
6768 3
6767 1
6766 15
6765 23
6764 5 29
6763 5
6762 5
6761 18
6760 23
9977 7
9976 7
9975 21
9974 5
9973 7
9972 4
9971 18
4697 2 19 31
9979 9
9978 18
229 25
228 9 22
227 7
226 16 12
225 7
224 1 5 7
223 7
222 23
221 7
220 33 23 7
10222 5
9855 23
10223 16 12 5
2509 7
2508 3
2507 36 31
2506 0
2505 16 12 14
2504 3
2503 7
2502 10
2501 13
2500 16 18 12
5049 5 31
5048 6
5047 1
5046 29 23
5045 16 12
5044 7
5043 33 10
5042 13
5041 23
5040 1
9515 7
9514 13
9517 9
9516 18
9511 1
9510 0 8
9513 35 6
9512 14
2160 3 7
9518 6
8696 12
10059 6
1256 19
1257 10
1254 9 7
10172 7
0 20
1255 4
1520 9
10058 13 5 7
1253 29 7
3207 1
1250 22
3206 34 5
1251 25
3205 18 23
3204 18 23
10057 18
3203 2
3202 7
10196 22
10197 15
10194 19 28
10195 6
10192 5
3201 1
10190 5
10191 18 7
1996 2 29
10198 3 4 31
10199 18 7
10056 8
5188 4
1128 1 7
1129 18 23
5189 23 7
1120 23
1121 1
1122 23
1123 18 15
1124 10
1125 1
1126 10 21
1127 7
10153 16 2 12 34 7
8040 7
8041 2
8042 7
8043 1
8044 23
8045 21
8046 29
8047 18
8048 1
8049 15
8518 2
8519 4
10053 22
10052 1
10151 7
2864 5
2865 7
2868 1
10157 21
2869 21 6
4776 16 1 4 12
4777 24 10
4774 3 21 31
4775 6 7
4772 13
4773 35
4770 1
4771 1
4778 5
4779 7
9992 33 37
5818 6
5819 18 7
10155 13
5810 13
5811 20
5812 2 7
5813 29
5814 18
5815 23
5816 18 15
5817 31
4619 7
4618 4
4611 10
4610 5
4613 9 4
4612 8
4615 9
4614 19
4617 15
4616 1
2705 29
7424 18
7152 16 12
2704 32 7
2707 25
146 29 22 7
5458 7
144 18
145 3
142 3 15
143 9
140 1 13
5459 4 22
4884 8
148 3 7
149 9
4886 1 2
2702 2
3092 1
3342 8 7
1190 4
5452 1
2712 4
2713 29
2710 25
2711 18 7
2716 7
2717 9 7
2714 25
2715 37
3346 25
2718 32 25
2719 13 31
3347 20
7221 20
7220 5
7223 4 5 23
7222 4
7225 4
3344 4
7227 6
7226 25 20
7229 4
7228 5
9166 21
3345 20
9160 5
9161 7
7959 7
7958 2 5
9174 7
6248 16 12
6249 6 7
6240 1
6241 9
6242 5 15
6243 21
6244 18
6245 4
6246 2
6247 1
9708 1 2 15
9709 10 31
9700 18 7
9701 22
9702 5
9703 1
9704 18 7
9705 15
9706 0 15 4 7
9707 7
8871 18 7
8870 17
8873 33 4 23
8872 7
8875 30 13 6 31
8874 19
8877 22
8876 2 3 5
8879 10 6
8878 2
829 9
828 7
825 7
824 15 7
827 4
826 1 5
821 6
820 8
823 6
822 2 20
8163 25
8162 26
8161 1 4 22
8160 18 7
8167 23 5 15
8166 3 15
5252 25
5253 15
5250 23
5251 24
5256 6
5257 26
5254 9
5255 5
10206 20
5258 18 7
5259 25
10207 5
5942 4
9579 6
3018 29
3019 9
7920 5
3012 23
3013 23
3010 21 7
3011 5
3016 7
3017 31
3014 18
3015 7
8729 31
8728 17
8721 23 7
8720 18 31 7
8723 18
8722 7
8725 4
8724 16 28 12 5
8727 1
8726 14 23
4189 7
4188 0
10205 8
4181 22
4180 0 24 3 7
4183 22
4182 24
4185 33
4184 15
4187 4
4186 21 6
5663 35 15
5662 7
5661 3
5660 24
5667 17
5666 24 7
5665 3
5664 23
5669 23
5668 9 18 7
10202 23
9385 22
10203 15
9386 16 12
10200 9 18
11 21
10 10
13 38 7
12 7
15 4
14 7
17 7
16 23
19 20
18 23
6408 9 5
6409 5
8181 37 23
8180 2
8183 7
8182 1
7764 24
7765 5
7766 5 23
7767 20
7760 7
7761 9
7762 5
7763 15
10201 16 12
7768 17
7769 1
3904 23
3905 32 10 13
3906 5
3907 10 11 5
3900 23
3901 21
3902 23
3903 7
3908 1
3909 10
6745 20
6744 7
6747 12
6746 5
6741 1
6740 18
6743 2
6742 23
6749 5
6748 31 27 15
9710 18
9716 22
9381 6
9959 4
9958 5
9955 4
9954 7
9957 5
9956 18
9951 26 7
9950 31
9953 12
9952 16 12
201 7
200 21
203 35
202 30 31
205 26
204 20 7
207 1 4
206 18 34
209 7
208 25
830 0 29
9382 10 28 5
831 16 12 6
836 3
837 17 25
834 2
835 21
9383 18
8885 18
8886 2 4
8887 18 7
8880 9
8881 22
3658 4
3659 21
3654 29
3655 7
3656 18 23
3657 18 6 23
3650 7
3651 7
3652 26
3653 23
2525 5
2524 16 12 22
2527 15
2526 23
2521 8 1 7
2520 4
2523 32
2522 20
2529 22
2528 0 21
5065 1 4
5064 18 31
5067 4
5066 24
5061 16 3 12
5060 34
5063 10
5062 22
5069 1 18 9
5068 2
4408 29
4409 31
4404 2
4405 2 23
4406 4
4407 5
4400 25
4401 1
4402 1 5 12 16 17 22
4403 25 7
928 5 10 12 13 16 17 25 27
929 7
9571 24 6
9570 0 1 27
9577 28
9576 20
9575 20 5 13
9574 18
920 1
921 9 10 25 18 7
922 17
923 2
924 1 10
925 1
926 1 9
927 19
5393 2 18 23
5392 4
5391 2 7
5390 5
5397 13
5396 24
5395 19
5394 23
5399 1
5398 7
7451 29 23
8991 2 4 18 7
784 29 23
785 25 2 33
786 5
787 19
780 18 6 23
781 22
782 15
783 10
788 29
789 23
9399 18 7
2357 4
1371 25
7159 4
1370 23
7157 13
7156 1
7155 5
7154 7
7153 18 23
1373 18
7151 13
7150 18
404 1 25 9
403 15
8602 7
402 22
8546 18 14 23
401 26
8068 15
8069 19
8066 10
8067 4
8064 27 12 13 31
1376 2 20 5 23
8062 15
8063 4
8060 18
8061 5
7485 8
7484 7
7487 22
7486 31
7481 22
7480 4
7483 1
7482 4
8603 29 23
9393 6
7489 5
7488 2
9392 5
2899 7
2898 25
2895 5
2894 23
2897 28
2896 4
2891 7
2890 29
2893 5
2892 18 23 7
1106 21 6
1107 1 9
1104 7
1105 23
1102 4
1103 20
1100 5
1727 7
1458 17 7
1459 19
1108 26
1109 1 7
1725 4
1722 7
5240 16 12
1894 22
8601 4
5243 16 12
1895 4
5242 2
1896 16 12
1897 1 22 7
1890 26
1837 20
3732 6
1892 18 23 7
1893 10 19
2136 22
10243 4
4922 8
4921 7
4920 7
4798 3
4799 7
4794 23
4795 6
4796 17
4797 16 12
4790 27
4791 31
4792 2
4926 31
5836 4
5837 6
5834 18
5835 4
5832 9 31
2130 23
5830 7
5831 13
2131 21
5838 24
5839 4
8128 1
2668 6
4 4
2669 21 29
6901 1 10 31 18 7
8891 35 12 5 29
8890 27
2778 24 1 10
2779 31
4899 6
4898 23
10070 5
2770 26
2771 0 29
2772 23
4890 7
2774 18 23
2775 21
2776 5
2777 24 10 29
9498 4
9499 23
9148 28
3286 5 6
7979 19
7978 32
7975 8 29
7974 26
7977 5
7976 9
7971 6
7970 18
7973 9
7972 27
6266 1 31
6267 29 23
6264 5
6265 5
6262 24
6263 35 6
6260 7
6261 7
5167 16 12 4
6268 18
6269 5
10079 22 23
10078 19 5
9726 0
9727 28
9724 28
9725 28
9722 18
9723 18 7
9720 17
9721 17
10241 1
9728 2
9729 18 23 29 7
7528 23
847 16 12 21
846 18 23
3465 7
844 15
843 23
842 25
841 8 3
840 1
8897 9
8896 6
8895 18
7158 24 18 29 23
8893 5
8892 7
849 7
848 1
4902 18 7
2406 30 31
4905 15
2407 2
5238 9
1738 7
1731 9 4
1730 1
1733 21 6
5233 29
1735 16 12
5235 23
1737 23
1736 20 7
3070 34
3071 1
1597 25 3 21 31
1596 7
3074 23
3075 7
1593 13
3077 18 4
3078 7
3079 29
1599 21 5 7
1598 29
4906 6
2403 1 6 9
5649 0 1 2 19 10
5648 4 21
5641 23
5640 24 23
5643 29
5642 6
5645 18 7
5644 16 12
5647 18
5646 4
8065 18 23 15
4826 29
489 6
488 10 7
487 3 5 21
486 20 5
485 4 23
484 15
483 23 21 15
482 16 12 4
481 2 34 10
480 25
6468 18 7
6469 30
6460 32
6461 1 20
6462 5 23
6463 6
6464 1
4827 4 14
6466 23
6467 17
7742 3
7743 27
7740 4
7741 17
7746 6
7747 5
7744 19
7745 21
7748 4
7749 2
3922 18 23
3923 23
3920 23
3921 4
3926 24 2
3927 10
3924 5
3925 17
3928 31
3929 22
6723 18 19 23
6722 18
6721 16 12
6720 24 29 23
6727 2
6726 29
6725 35
6724 6
10299 4
6729 6
6728 29
8309 7
8308 20
5655 22
9939 26
9938 18 13
9933 18 19
9932 18
9931 16 12
9930 2 5
9937 17 21
9936 20
9935 7
9934 1 5
6099 5
6098 28 4 21
10293 1
6091 27 6
6090 29 22 23
6093 12
6092 0
6095 18
6094 10
6097 5
6096 24 23
3678 7
3679 6
3672 16 12
3673 19 7
3670 8
3671 23
3676 7
3677 7
3674 23
3675 8
2543 19 7
2542 1 2 9
2541 4 7
2540 7
2547 9
2546 18 23
2545 13
2544 7
2549 7
2548 25
1456 23
1457 19
1450 7
1451 10
5003 4
3581 6
3582 17
3583 1 20
3584 10
3585 5
3586 11 28
3587 31
3588 22
3589 2
5009 5
1101 7
8747 7
902 1
903 0 17 2
900 0 10 18 23
901 7
906 8
907 9 31 7
904 31
905 1 30
4422 25
4423 16 12
908 6
909 10
4426 18 23
4427 5
4424 10
4425 29
9559 5
9558 1
9551 18 4
9550 7
9553 6
9552 15
8746 18
9554 5
9557 20 4
9556 20
3293 7
8743 6
8934 2
8935 9
8936 10 34
8937 16 12
8742 13
8931 13
7824 5
8933 19
8938 4
8939 18
7175 4 15
7174 5
7177 7
7176 15
7171 22
7170 12 4
7173 1
7172 18
7179 1
7178 18 7
2916 22
718 9 11 5 23
1696 1
1697 7
1694 7
1695 29
1692 31 7
1693 6
1690 17
1691 21
1698 10
1699 1
1472 8 5 30
1473 2 27
1470 17 29
1471 18
1476 3 7
1477 6
1474 30
1475 18
1478 7
1479 4 22
4228 21 6
4229 31
8624 6
4224 3
4225 3
4226 17 7
4227 7
4220 2
4221 10
4222 18 7
4223 0
24 2
25 7
26 10 21
27 0 1
20 7
21 23
22 7
23 18 29 23
28 7
29 18 29
5588 32 18
5589 1
8625 22
1069 3 14
1068 22
1061 35
1060 22 7
1063 21 6
4923 15
1065 2 6
1064 7
1067 19
1066 29
2288 22
2289 2
2280 23
2281 8 5
2282 7
2283 25
2284 3
2285 19
2286 7
2287 29
4538 7
4539 7
8314 31
4828 1
8315 1
2056 5
8316 10
4534 15
8317 18 7
4535 7
8310 18
4927 7 9 11 12 16 25 26
4536 6
8311 23
9120 18
8233 17
9122 28
4825 25
9124 5
8312 23
9126 21
8232 18
9128 24 18
4530 7
10305 9 18
8313 6
10303 18
8231 4
10301 31
4823 7
7759 2 15
7919 18 7
7918 7
4820 1
7913 8 18 35
7912 4
7911 18 7
4533 27
7917 23
7916 0 2 10 5
7915 23
7914 7
9403 18
6288 21
6289 7
9402 9
6284 7
6285 23
6286 1 5
6287 18
6280 16 12
6281 7
6282 23
6283 18
182 7
183 7
180 6
181 7
186 17 3 21 6
187 10 31
184 16 12
185 25 30
9407 28 31
188 17 4
189 17 25
10019 15 7
9406 18 29
9405 7
9404 10
4924 9 4
6362 36
10018 7
5833 18
869 4
868 7
652 23
3449 4
3448 4 23
861 4
860 33
863 31
3446 29
3441 21
3440 23
867 1 2 6 11 12 13 16 19 23 27 31
866 10 18 23
2024 16 10 12
2025 6
2026 16 12
2027 4
2020 8
2021 7
2022 7
2751 8
6364 25
2028 9
2029 29
2758 18 23
2759 22
9835 18
10152 22
9334 28
10150 4
5216 25
5217 10 7
5214 1 31
5215 11 4
5212 16 12
5213 8 5
5210 22
5211 8
10156 8
5218 19
5219 9 2
9928 25
10154 4
9332 1
10159 6
4596 16 10 12 23
9338 9
3058 23
3059 9
3056 23
3057 10
3054 0 17
3055 5
3052 23
3053 17
3050 29
3051 18 7
4597 16 12
10013 23
9628 6
10012 5
9622 23
10011 29
9626 1 2 13
8 8
9624 27
1317 7
1316 7
1315 23
1314 30
1313 13
1312 8
1311 7
1310 18 7
10010 1
1319 2
1318 16 12 4
6446 18
6447 20
6444 6
6445 8
6442 5
6443 19
6440 1
6441 22
6918 9
6919 20 2 4 13
6448 4
6449 7
10017 7
7728 5
7729 16 32 12 14 15
7720 23
7721 4
7722 32
7723 1
7724 7
7725 18
7726 18
7727 3
3948 30 31
3949 7
10016 16 12
3940 18 23
3941 10
3942 10
3943 18 23
3944 2
3945 13
3946 9 3
3947 2
6709 9
6708 0 1
8329 27
8328 1
6701 7
6700 0 26 5 37
6703 5
6702 1
6705 1
6704 17 21 6 29
6707 18
6706 13
9911 17 23
9910 17 5
9913 29
9912 18
9915 6
9914 0 35
9917 18 7
9916 0 9
9919 18
9918 18 23
7535 27 22
10014 16 12
7534 17 28 5 7
4057 1
4056 4
4055 15
4054 15
4053 18 23
4052 7
4051 4
4050 2
4059 5
4058 29
3610 7
3611 7
3612 9
3613 7
3614 23
3615 23
3616 7
3617 17
3618 16 12
3619 22
7536 5
2569 2
2568 23
2561 1 23
2560 5
2563 17 5 6
2562 18
2565 18
2564 19 31
2567 3
2566 21
5029 7
5028 22
5021 32
5020 19
5023 1
5022 22
5025 3 15
5024 1
5027 6
5026 10
4440 16 12
4441 29
4442 5
4443 17
4444 23
4445 18 7
4446 6
4447 1
4448 2
4449 6
964 1
965 25
966 4 13
967 23
960 1 31
961 25
962 23
963 9 18 7
968 16 12 2 4 7
969 1
7532 2
10093 5
1537 0
1536 30
1535 4
1534 23 7
1245 13
1532 6
1247 1
3095 2
649 29
7327 15
1248 4 6
5199 15
5198 13
3234 1 21 7
3235 16 12 4 33
641 2
8912 7
5195 35 15
8910 36
8911 5 13
8916 34
8917 16 10 12
8914 28
5194 9 18 29
8918 18 28 7
8919 4
1614 12
1615 23
1960 20
640 17 7
1961 35
7113 23
7112 14
7111 28
7110 1
7117 25 28 7
5193 24
7115 7
7114 5
7119 4
1963 7
643 4
1678 31
1679 9
1674 4
1675 1
1676 17
1677 9 18 29 21 23
1670 7
1671 29
1672 13
1673 1 9
642 30
645 3 31
1418 20
1419 2 5
1410 29
1411 9 18
1412 6
1413 7
1414 1 5
1415 8
1416 2 7
1417 15
644 31 15
4208 9 7
4209 1 9 7
4202 24
4203 10
4200 31
4201 16 3 12
4206 7
4207 13
4204 17
4205 2
647 1
5568 13
5569 24
5564 7
5565 24 15
5566 7
5567 9
5560 5
5561 23 5 7
5562 18 7
5563 19
646 18 13 7
308 7
309 16 12 4
300 23 5 21
301 1 13 25
302 16 12
303 1
304 1 18 29
305 29
306 7
307 22
472 1 10 17
4893 7
4892 29
4891 24
2773 29
4897 1 18 23
7415 4
4896 1
4895 16 12
4894 1
6118 21
6119 18
6114 16 12
6115 23
6116 18
6117 23
6110 24 29
6111 25 19 31
6112 24 2 10 7
6113 18
9149 4
7283 1
7282 18 7
7281 32 20
7280 31
7287 18
7286 18 23
7285 18
7284 29
7939 18
7938 5
7289 15
7288 6
9102 9
9103 17
9100 28
9101 22 23
9142 10 28
9143 18 7
9140 2
9141 19
9146 25
9147 23
9144 20
9145 21
3429 31
3428 4
3423 16 1 12
3422 7
3421 32 10
3420 5
3427 26
3426 8
3425 22
3424 29 14 7
2002 10
2003 0 1
2000 6
2001 7
4589 9
2007 6
2004 27
4858 7
4585 1
4856 1
4587 17
4586 8
4853 17 21
4852 10 20
4851 13
4850 19
8628 19
8629 5
8158 18
8159 7
8156 29
8157 22
7392 5
8626 18
8627 7
8620 10 35
8621 36
9546 28
8622 14
9547 32 7 8 25 27 28
8623 4
9544 35
1906 23
9545 18
9542 7
9543 6
9540 18
9541 7
1087 16 12 4
1086 17 21
1085 2 5
1084 10
1083 12
1082 8
1081 9
1080 2
1089 4
1088 19 3 7
8859 6
1904 23
9831 21
8761 8
5134 16 12
449 31
448 18 28 7
1339 21
1338 22
1335 32
1334 7
1337 31
1336 21 23
1331 10 7
1330 23
1333 5
1332 4
6932 9
6933 2 5
6930 27
6931 7
6936 7
6937 0 1 12 16
6934 5
6935 23
8127 16 2 12
8126 18
6938 8
6939 4
8123 14 6
8122 23
8121 5 29
8120 2
7706 17 5
7707 5
39 7
38 35
7702 29 21 23
7703 31
7700 18
7701 5
33 7
32 17
31 0
30 8 4 21
37 3
36 0 2 18 7
35 0 5
34 7
1903 9 10
7514 9
1900 8
8348 16 32 12
8343 18
8342 7
8341 7
8340 4
8347 29
8346 27
8345 18
8344 8
3467 6
3466 2 21
845 25
3464 7
3463 9
3462 18 29 15
4079 19
4078 7
4075 3
4074 18 23
4077 23
4076 31
4071 15
4070 16 12
4073 7
4072 2
3966 23
3967 5
3964 23
3965 16 12
3962 1 5
3963 4
3960 17
3961 1
7510 6
3968 31
3969 22
8894 1
3638 5
3639 16 12
3636 1 22
3637 3
3634 9
3635 5
3632 4
3633 2
3630 8
3631 5 7 10 12 16 30
3469 7
3468 20
8769 3
5450 13 6
8768 21
8857 31
4468 6
4469 4
4466 35
4467 16 12
4464 36
4465 22
4462 2 19
4463 12
4460 1
4461 24
948 25
949 18 23
946 7
947 4
944 22
945 33 29
942 2
943 33 22 5 6 13
940 11
941 18 23
2410 19
6327 9
6326 33
6325 25
6324 13
6323 8 25
6322 22
6321 35
6320 8
6329 5
6328 5
9667 18
9666 18
9665 18
9664 2
9663 26
9662 35
9661 10
9660 2
10116 4
10117 23
10114 2
10115 7
10112 7
10113 21
9669 0 1
9668 4
8978 16 25 10 12
8979 17
8970 4 13
8971 7
8972 9
8973 18
8974 18 7
8975 27 35 10 19 21
8976 6
8977 18
6560 10
7139 18
7138 16 12
4793 32
7131 5
7130 18
7133 18 21 7
7132 0 18
7135 9 12 31
7134 16 12 4
7137 35
7136 23
10204 28
1658 19
1659 7
1652 9
1653 20
1650 29
1651 6
1656 23
1657 31 7
1654 20
1655 7
586 16 12 3 4
1739 1 10
584 18 19 4
585 1
582 7
583 19 6
580 17
5239 1
588 19 9 3 30 31
589 25
2839 7
2838 5
2837 30
2836 7
2835 4 23
2834 8 1
2833 4
2832 10
2831 9
2830 19
3391 7
3390 8
5405 4
5404 8
5403 17
5402 7
5401 4
5400 4
3399 7
3398 23
5409 2 7
1439 1
5230 30
5231 7
7688 1 20
5232 7
4260 9 10 7
4261 16 11 12
4262 5
1732 2
4264 25 22 7
4265 24 4
4266 33
4267 22
4268 6
4269 7
1734 2
3702 29
5236 16 12
3703 36
5237 4
1885 31
5548 4
3701 7
5542 18
3706 23
5540 6 23
5541 17
5546 15
5547 31
5544 0 8 35
3707 2
1881 29
8598 1
8599 28
8596 15
8597 23
8594 4
1880 4
8592 30
8593 23
8590 22
8591 23
5890 18 4
5891 12 13
5892 2 5
5893 18 7
5894 6
5895 31
5896 4 5
5897 26 7
5898 20
4668 24
4669 13
2127 4
2126 2 6
4664 28
8447 7
2128 22
4666 5
4667 1
4660 34
4661 5
4662 17
4663 5
322 19
323 8 5 31
320 22 7
321 1 18
326 19
327 16 12 7
324 29
325 7
9168 6
328 1
329 5
9898 29
9899 16 20 12
1595 7
6138 4
6139 7
1594 25
6132 9
6133 23
6130 25 18 6
6131 7
6136 4
3072 23 15
6134 2
6135 10 5 6 7
3073 9
1591 4
1590 7
10062 14
9478 18
9479 28
3076 6
10063 2
9472 18
9473 18 7
9470 3
1592 3
9476 4
9207 2 7
9474 1
9475 3
9206 22
10229 7
10066 7
10067 9 18
10064 28
10065 6
3252 8
2248 2
2249 9
2244 1
2245 0
2246 9 7
2247 22
2240 18 7
2241 3 7
2242 10
2243 31
10069 16 12
9209 4
9208 3
3401 8
3400 24
3403 2
3402 1
3405 17
3404 6 7
3407 35
3406 18
3409 19
3408 7
7537 22
4875 16 12
4874 4
4877 7
4876 6
4871 21
4870 27 28
4873 0
4872 23
7531 3
4879 20
4878 14
7530 18 23
2068 9 19
2069 7
2798 22
2799 13 7
7533 22 23
2792 5 13
2793 10
2790 23
2791 5 7
2796 17
2797 22
2794 7
2795 8
5455 22
3256 17 5 31
9589 20
9780 18
9781 2
9782 5
9783 2
9784 4
9785 5
9786 18 7
9787 21 6
9788 24 18
5692 20
5690 19 30 22
9401 2 31
6178 21
8078 27 7
8786 31
5691 17
9400 16 12
7096 21 6
7097 5
7094 16 12
7095 4
7092 7
7093 15
7090 23
7091 6
7098 7
7099 19 26 11 5
5696 5
4883 18 3
8105 15
8104 23
1359 16 18 12
1358 18 23
469 4
468 8
8103 5
8102 1 7
465 17
464 25 28
467 16 12
466 15
1357 18 23
460 18 23
1355 23
1354 4
6958 4
6959 5
6488 9
6489 4
6482 10
6483 4
6480 1
6481 13
6486 9
6487 8
6484 1
6485 20
4885 2 7
8214 22 23
8361 4
8360 22
8363 17
8362 23
8365 10 18
8364 5
8367 4
8366 19
8369 3
8368 26
9064 10
10288 2 4
10289 3
3184 21
3185 8 4
3186 17
3187 8 5 31
3180 6
3181 1 25
3182 4
3183 32
3188 6
3189 7
4019 0 3 4 10 12 16
4018 8
4013 6
4012 23
4011 21
4010 6
4017 7
4016 7
4015 22
4014 15
5797 5
3988 17
3989 2 6
3984 21
3985 8 17 26
3986 7
3987 8
3980 30
3981 19
3982 29 7
3983 3 29
5796 3 13
1447 7
1446 7
1445 18
289 19
288 20 22
1444 2
281 4
1443 5
283 23
282 33
285 19 15
284 29 23
287 4
1442 31
1441 4
1116 22
3561 23
5793 10
2477 4
2476 8
2475 25
2474 8 2
2473 13 6
2472 8
2471 23
2470 1
8548 14
2479 2
2478 4
7874 5
7875 5 31
7876 3
7877 18 27 7
7870 22
7871 18 14
7872 20
7873 5 31
7878 3
7879 2
5791 18
6309 18
6308 22
6305 35
6304 25 19 13
6307 5
6306 8
6301 19
6300 16 12 7
6303 18
6302 20 4
10134 13
10135 18
10136 5
10137 15
10130 3
10131 16 12
10132 7
10133 11
10138 13
10139 6
9649 5
7695 6
9319 23 19 22 15
9318 20
9317 27
9316 6
9315 18 7
9314 28
9313 4
9312 15
9311 25
9310 17
8956 19
8957 5
8954 2 5
8955 14
8952 16 12
8953 15
8950 16 12 5
8951 31
8958 27 28 7
8959 13 6
8544 4
2907 1 19 5
2906 1 20 5 23
1986 6
3215 10
3216 25 31 7
1985 9 26 7
3210 22
3211 5
3212 9 7
3213 23 29 7
1638 1
1639 9
2904 5 29
3218 29
3219 7
1988 31 7
1989 1
2909 29 23
2815 1
2814 9
2817 4
707 3 5 21
2811 28 31
2810 7
2813 1
2812 19
560 23 29 7
561 5
562 19
563 9
2819 9
2818 1
566 6
567 16 12
5429 8 29
5428 18 4 7
3379 1
3378 2
5425 27 20 5
5424 17
5427 13
5426 16 12 7
5421 11
5420 0
5423 4
5422 7
6686 20
4248 7
4249 5
4246 16 9 12
4247 25 7
4244 10
4245 17
4242 7
4243 4
4240 31
4241 9
5520 5
5521 13
5522 24
5523 23
5524 23
5525 23
5526 1
5527 15
5528 2
5529 16 12
48 18
49 22
46 18
47 1
44 1
45 14 6 15
42 4
43 7
40 18 23
41 4
8542 2
6547 7
6546 20
6545 2
6544 18
6543 18 23
6542 3 7
6541 3
6540 6
6549 4
6548 16 12 37
5310 16 12 4 13 17
7841 9
344 0
345 1
346 23
347 16 12
340 7
341 23
342 17 10 15
343 25 7
348 1 31 7
349 16 2 12 5 6
7519 20
7518 4
6150 8
6151 18
6152 18 3 6
6153 13
6154 5
2132 7
6156 2 4 12 16 23 24
6157 18
6158 25
6159 18 7
3236 2 10
8307 7
8306 5 23
8305 22
4831 0
8304 18
4526 10
3237 6
4833 3
8302 18 7
4524 1
8301 1 27
4835 5
8300 4
4834 4
4837 7
8758 8
4836 6
8759 2 18 5 7
4784 2
8208 5
8209 1
8754 2
2268 7
2269 19
8755 0
2262 10
2263 26
2260 26
2261 33
2266 4
2267 35
2264 7
2265 2 21
8205 35 7
9438 16 12
8750 5
9439 4
8751 18
8752 9
8753 32 23 6 15
9434 9
8303 0
2046 7
2047 13
2044 4
2045 25
2042 25 5
2043 31
2040 5
2041 21
4819 23
4818 26
2048 10
2049 1
9410 7
9411 23
9412 4
9413 5
9414 1 6
9415 18
9416 35
9417 2
9418 28
9419 23
9616 0 14
9617 35 29 15
9614 7
9615 13 6
9612 15
9613 7
8230 18
9610 7
7629 29
9611 1 7
10167 4
10166 24 10
8237 2
9763 18 7
10161 21 22 31
9619 18 7
8236 7
10092 9
10091 7
10090 35
10097 4
10096 34
10095 2
10094 28
10099 24
10098 29 23
8235 2
8682 1
8234 7
1365 4
7078 8 18
7079 16 12
7074 20 14
7075 9 2 29 7
7076 5
7077 32 13 29
7070 18 7
7071 35
7072 2
7073 2
8683 6
6976 5
6977 20 4
6974 15
6975 23
6972 1
6973 1
6970 29
6971 4
8169 4 15
8168 15
6978 9
6979 1
8680 18
9659 17
8681 2
8389 18
8388 6
8387 31
8386 17
8385 6
8384 5
8383 22
8382 1
8381 25
8380 4
8686 18
4389 23
4388 8
4383 5
4382 26
4381 31
4380 7
4387 1
4386 15
4385 21
4384 1
407 7
406 7
405 4
1372 4
1375 5
1374 16 12
1377 29
400 4
1379 1 9
1378 34
409 16 33 12
408 6 7
8684 18
4031 8
4030 5 30 31
4033 22
4032 2
4035 21
4034 7
4037 29
4036 22
4039 22
4038 21 7
8173 6
8685 5
8174 24 1
9879 5
9872 28
5498 2 6
5499 18 29
2459 10 4
2458 13
2455 22 7
2454 1
2457 2
2456 21
2451 5
2450 31
2453 1 10 29 7
2452 1 25
7852 24 29
7853 21 31
7850 1
7851 7
7856 11
7857 21
7854 20
7855 5
7858 34 7
7859 23
656 1
657 7
654 5
6369 15
655 16 12
6363 18 7
3089 0
6361 7
6360 5 15
6367 18
6366 18
6365 28
3088 7
9335 5
9292 16 12 15
9337 7
9336 18
9331 6
650 4
9333 5
9293 5
10158 5
651 28
9339 19
9290 24 26 7
4982 2
9629 5
9291 22
9623 8
9296 0
9621 18
9620 28
9627 7
1508 18 15
9625 1
9297 24 23
1509 1
9294 35
5496 24
9295 33
1601 7
658 31
1976 16 12
3082 23
1603 2
1602 7
5497 7
1605 21
1604 19 7
1607 1
1606 6
3232 25
3233 10 7
3230 19
3231 8 2 13
1968 23
1969 15
1618 22
1619 7
1616 22
1617 31
3238 2
3239 4
1612 34
1613 10
1610 7
1611 1
2873 1
2872 2
2871 17
2870 13
2877 21 23
2876 23 7
2875 7
2874 7
2879 2
2878 29
3355 17
3354 7
3357 23
3356 23
3351 1
3350 10
3353 7
3352 23
3359 18 7
3358 3 6
5449 4
5448 9
5443 1
5442 23
5441 15
5440 20
5447 4
5446 15
5445 4 7
5444 18 7
5493 4
5508 10
5509 15
5506 29
5507 7
5504 31
5505 7
5502 15
5503 20
5500 24 25 2
5501 7
542 1
543 18 4 7
540 29 23
541 23 22 15
546 7
547 7
544 34 7
545 10 6
548 2
549 16 1 12
6155 31
5476 29 15
6569 2
6568 1
5477 7
6565 4
6564 23
6567 1
6566 23 15
6561 22
5474 32
6563 24 6
6562 18 7
7687 23
7686 8
7685 10
5475 19
7683 29 7
7682 17 15
7681 18 7
7680 9 18 35 30
5472 22
5136 7
7689 23
5473 15
3827 4
3826 13
3825 10 5
3824 2
3823 10
3822 10
3821 1 23
3820 7
5471 24 23
5001 16 12
3829 26
3828 19
8444 22
8445 29
8446 16 12
5000 0 24 22 15
8440 37
8441 27
8442 17
8443 18 23
5007 1
8448 16 3 12 5 13
8449 1 10
5006 9 30
5005 13
5004 1
7539 2
7538 21
368 10
369 15
366 10 20
367 7
364 7
365 29
362 25
363 4 6 31
360 7
361 1 5 9
5008 17 21
1945 22
9158 18 19 7
5133 6
6179 24 2 5
6176 4
6177 22
6174 0
6175 23
6172 19 31
6173 15
6170 17
6171 9
7052 31
6511 18
9237 22
9483 4
9482 5
3217 23
7902 2
2200 2
2201 7
2202 2 4
2203 3
2204 17
2205 1 7
2206 17
2207 4
2208 7
2209 8 18 4
9486 5
9485 18 7
9484 18 5 7
4428 4 30
4429 2
4839 9
4838 8
4529 10
4528 7
4527 1 13
4830 32
4525 17 27
4832 1 2
4523 3 23
4522 24
4521 18 15 7
4520 22
7993 4
7992 5
7991 2
7990 23
7997 2 4 15
7996 5
7995 5
7994 4
9436 31
9437 5
7999 15
7998 16 32 12
9432 25 18 31
4420 24 10
9430 25
9431 25 28
4421 24
5298 7
5299 19 4 15
5296 31
5297 1 31 22 23
5294 8
5295 4
5292 28
5293 21 31
5290 5
5291 13
8141 16 12
8140 5
8143 23
8142 20
8145 16 3 12
8144 18
8147 15
8146 19
7337 5
7336 23
7335 10
7334 16 2 12
7333 14
7332 10
7331 22
7330 18
9555 29
9298 7
9299 13
7339 4
7338 1
10215 5
10214 5
10217 6
10216 23 7
10211 15
10210 5
10213 7
5510 23
9481 9
10219 2 19
10218 35
7058 22 15
7059 29
5697 5
7053 21
7050 18
7051 4
7056 27
7057 20
7054 29 23
7055 9 4
9480 18
9026 8
5516 0
8149 18
8148 14
6998 2
6999 1
8639 13
8638 2 5
6994 18 7
6995 7
6996 1
6997 1
6990 15
6991 7
6992 10 18
6993 23
9487 9
2998 1 19 9
2999 13
59 28
58 31
55 5
54 7
57 7
56 7
51 24 7
50 18
53 18 23
52 22
2990 20
2991 3
2992 6
2993 1
2994 2
2995 19
9999 23
9998 7
2996 18 4
9372 35 31 5 30 13
9991 7
9990 1
9993 11
2997 5
9995 18
9994 27
9997 5
9996 7
429 10
428 0 18 7
1399 8 12 7
1398 25
421 19
420 18 29 23
423 1
422 30 31
425 6
424 15
427 23
426 1
854 7
855 1
856 21
857 25
850 27
851 8
852 17
853 20
1422 7
8259 21
1425 8
8258 18 7
2330 18
1424 16 12
2331 8
2332 2
2333 25
2334 29
2335 26 13
2336 17 6
4713 7
6699 8
6698 10
6693 18 7
6692 2 13
6691 4
6690 16 35 12
6697 1
6696 8 1
6695 13
6694 16 12
2439 17
2438 7
2433 16 9 19 4 12
2432 1 6
2431 26 4
2430 18 26 7
2437 30
2436 10
2435 3 7
2434 23
7838 5
7839 7
9397 18
7830 17 5
7831 7
7832 18 7
7833 10
7834 2
7835 15
7836 10 19 18
7837 5
6341 9
6340 11
6343 16 26 12 21 7
6342 16 12 23
6345 13
6344 2 18
6347 0 18 27
6346 23 15
6349 5
6348 10
9353 18 30
9352 35
9351 35
9350 16 27 12 5
9357 24
9356 15
9355 4
9354 28
9609 18 7
9608 18
5470 16 12
9358 18 7
10174 10 4 7
10175 20
10176 2 20 5
10177 24 33
3782 7
1806 9
1805 23
3781 23 7
1803 1
3787 4
3784 21 6 15
1800 25
8992 10
8993 37
3788 7
3789 18 23
8996 18
8997 28
1809 2 22
1808 7
4996 9 7
4997 23
4994 22
4995 19
4992 21
4993 7
4990 7
4991 0
4998 5
4999 24
1547 10
6517 1 5
3258 19
3259 17 10
1948 16 12
1949 7
1942 7
1943 2 10
1940 20
1941 9
1946 7
1947 10
1944 7
3257 17
2859 5
2858 8
2851 6
2850 34 6
2853 2
2852 1
2855 1 9
2854 13
2857 2
2856 9
1490 9 17
5460 10
1492 29 7
1493 2 19 5
1494 7
1495 6
1496 18
1396 0
1498 23
1499 31
3339 3 4
3338 7
1395 13
1394 18 23
1393 1 4
9644 5
1392 1
1391 24 18
1390 23
524 10
525 10 7
526 1 21
527 19 7
520 17
521 16 12
522 29 15
523 7
8930 7
528 1
529 16 12
1234 9 2
1235 10
1236 4
1237 1 2
1230 7
1231 2 5
1232 17 7
1233 7
1238 5
1239 18 23
8286 4
8287 31
8284 17
1964 17
8282 23
8283 15
8280 16 12 4
8281 4
8288 15
8289 31
6509 6
6508 7
2488 2
6503 7
6502 3 6
6501 15
2489 7
6507 23
6506 10 13
6505 7
6504 29
9359 34
4677 17
4900 23
4675 23
2485 22
3809 9
3808 16 12
3805 18 7
3804 7
3807 21 6 29
3806 29
3801 1
3800 8 7
3803 16 12 7
3802 10
8462 29
8463 14
8460 2
8461 0 23
8466 30
4907 0 25 10 30 22
8464 6
8465 29
8468 30
2481 8
9642 16 12
1967 17
7559 15
7558 32 6
7553 36
7552 7
7551 18
7550 0
7557 4
7556 1
7555 6
7554 16 12
4174 9 19
4175 23
4176 31
4177 4
4170 9
4171 29
4172 9
4173 16 12
4178 8
4179 29 6
7395 8 19 6
1962 11
7397 35
7396 16 2 12
7391 31
7390 4
7393 5
2228 26
2229 4
2226 7
2227 15
2224 2 5 23
2225 4
2222 10 7
2223 6
2220 7
2221 10
1 7
5925 20
5926 19 7
5927 17
5920 22
5921 5
5922 23
5923 18 15
5928 32 10
5929 36
7399 13
8113 18 3 36 23
7398 7
4505 23
4504 16 12
4507 20
4506 19
4501 24
4500 15
4503 4
4502 10
4509 8
4508 16 12
2088 28
2089 7
2082 23
2083 1 9
2080 2
2081 29
2086 33 29
2087 29
2084 0 16 10 12
2085 1 19 21
9005 9 3 4
10193 23
9133 16 32 12 5
9132 3
7319 20 4
7318 17
7315 2 5
7314 35
7317 18
7316 5
7311 15
7310 2
7313 23 7
7312 22
9130 2
7030 12
7031 31
7032 1
7033 16 12
7034 17 30
7035 23
7036 18
7037 2
7038 18 12
7039 15
10239 23
10238 20
9018 2 5
9019 24 23
9137 7
9136 18 7
7788 25
7789 7
7786 11
7787 13
7784 5
7785 18
7782 25
7783 4
7780 17
7781 18
9135 18 7
1009 1 9
1008 5
1007 7
1006 19
1005 4
1004 2
1003 31
1002 5
1001 13
1000 23
9134 35
4349 35
4348 16 12
4347 30 31
4346 22
4345 20 6
4344 15
4343 4
4342 2
4341 7
4340 7
8615 10
8614 4
8617 6
8616 31
8611 10
8610 21
8613 6
8612 18
8619 2
8618 15 7
8014 0
5719 18
5718 9
5717 10 13
5716 18
5715 5 7
5714 18 21 7
5713 1
5712 15
5711 1 9
5710 6
9586 18 5 7
9271 15
9587 22 23
9272 16 12
9584 1
9273 17
9585 5
9274 18 7
3575 4
5091 4
3577 2
9275 5
7816 4
7817 23
7814 21 7
3576 3 4
7812 32
7813 4
7810 16 12
7811 1 6
3571 7
7818 6
3570 19 5
3573 23
3572 8
9276 24 6
2666 3
2667 19 21 6
9588 4
2664 1
2665 16 12
2662 17
9277 10 4
2663 33
9379 19
9378 18 23
2660 23
9371 23
9370 27 28
9373 9 35
2661 5
9375 35
9374 18 23
9377 25 18 23
9376 5 6
1829 7
1828 18 29
1825 1 2 6
1824 10
1827 9
1826 10
1821 6
1820 7
1823 23
1822 4
2147 8
2146 7
2413 23
2412 7
4978 17
4979 23
2417 7
2140 29 6 7
4974 18 23 5 7
4975 18 7
4976 8
4977 16 12
4970 16 12
4971 23
4972 4
2148 31
1920 6
1921 16 12
3274 9 31
3275 9 4 30 31
3272 7
1925 7
3270 19 31
3271 5
1928 28
1929 23
3278 22
3279 10 7
5586 29
2935 15
5587 21
5584 9
10160 18
3319 2
3318 19
5585 19
5489 18
5488 26
3311 3
3310 23
3313 7
3312 18
3315 4
3314 7
3317 23
3316 1
5580 23
5581 18
7515 10
60 10 5
61 22
62 16 12 5
63 10
64 23
65 8 10 20 6 7
66 29
67 16 12 29
68 2
69 23
508 4
509 18 29 23
506 1 4 8 15 19 31
507 9 22 7
504 2 10 4 5
505 0 23
502 23 29 7
503 11
500 7
501 1
1212 25
1213 23
1210 1
633 16 12
1216 7
1217 1
636 6
637 1
638 23
639 29 23
1218 1
1219 1
6521 17
6520 4
6523 5
6522 1 18 5 13
6525 2
6524 3
6527 25
6526 21
6529 2 5
6528 27
8266 5
8267 21 23
8260 26
8261 27 13 31
8262 28
8263 13
8276 36
3869 15
3868 4
3863 21 6
3862 31
3861 1
3860 5
3867 9 7
3866 18
3865 18
3864 9 2 4
8408 6
8409 2 15
8400 7
8401 16 12 7
8402 4
8403 0
8404 27
8405 25 4
8406 20
8407 17
7571 1
7570 16 12
7573 32
7572 6
7575 37
7574 30 14
7577 18
7576 10
7579 4 31
7578 18 11 23
9816 7
9817 23 15
9810 10 23
9811 0
9812 2
9813 8 28
8814 21 29
4152 24 29
4153 1 7
4150 3
4151 17
4156 23
4157 24 1 5
4154 13
4155 17
4158 32
4159 31
8336 13
8334 10
8218 15
8335 24
8138 15
8338 21
8339 16 12
8748 6
5902 1
5903 24
5900 22
5901 25 4 21
5906 29
5907 4
5904 5
5905 18
5908 27
5909 1
8745 20
3489 7
3488 8
8744 7
3481 16 12
3480 5 23
3483 8
3482 17
3485 26
3484 5
3487 2
3486 2
4563 1 18 4 26 9
4562 6
4561 8
4560 3
4567 28 23
4566 25
4565 2
4564 16 12 4 6
4569 9 4
4568 31
9601 4
6553 28 4
9600 28
9603 35
9602 9 18 7
9605 26
9604 2
9607 18
9606 9 28
6064 9
6065 27 20 31
6066 18
6067 18
6060 7
6061 15
6062 4
6063 18
6068 7
6069 6
2604 25
2605 7
2606 1 3
2607 16 12
2600 8 31
2601 4
2602 8
2603 19 7
2608 7
2609 31
10039 10
10038 16 35 12
10035 18 7
10034 1
10037 7
10036 19 15
10031 13
10030 8
10033 31
10032 25 35
7379 18
7378 4
7373 23
7372 28
7371 1
7370 7
7377 5 6
7376 16 12
7375 25
7374 18 7
10183 20
9032 16 12
9033 9
9030 17 4 5 29
9031 2
9036 4
9037 19
7018 23
7019 1
7016 20
7017 24
7014 16 12
7015 6
7012 18 13
5453 7
7010 8
7011 1
732 31
5454 25
8132 13 6
753 18 23
1807 19
751 16 12
750 2
757 7
756 25
755 6 7
754 4 7
9157 14
759 5
758 2
3780 35
1804 13
2958 16 12
2959 22
738 5 6 9 10 11 13 21 31
2954 4
3786 3
2956 18 7
2957 15
2950 35
2951 7
2952 1 31 9
1802 4
5344 20
1024 1
1027 6
5347 24
5340 24 6
1801 26
5342 31
1022 33 6
3785 23
1029 9 26 7
1028 13
10071 26
5456 10 5 6 13
8990 7
4365 23
4364 19
4367 7
4366 7
4361 1 25
4360 17 10
4363 23
4362 7
4369 16 2 12 7
4368 2
5457 7
8995 16 12
3108 2
3109 16 12
3104 2
3105 7
3106 23
3107 22
3100 8
3101 0
3102 2
3103 31
8673 6
8672 9
8671 5
8670 19
5 20 7
8676 7
8675 16 12
8674 22
8679 6
8678 18 7
4093 18 7
4092 1
4091 13
4090 5
4097 5
4096 18
4095 1
4094 13
4099 13 6
4098 24
5735 18
5734 31
5737 1
5736 4 23
5731 3
5730 25
5733 32 35
5732 2
5739 7
5738 10 23
9868 18 7
9860 35
8097 0 21
8096 5
8095 20
8094 23
8093 1 9
8092 29
8091 5
8090 22
8099 19
8098 1 2 10 5 31
8898 18
6659 18 4 5
6658 30 31
6657 4
6656 17
6655 17 19 5
6654 35 5
6653 13
6652 3
6651 13
6650 4
9159 16 28 18 12
6385 31
6384 4
6387 21
6386 5
6381 16 12
6380 1
6383 0 26 36
6382 15
6389 1 18
6388 36
2381 36
2380 7
2383 0
2382 16 18 12 23
2385 5
2384 9
2387 19
2386 1
2389 9
2388 23
9289 15
9288 14
1849 19
1848 4 13 23
1843 7
1842 1
1841 4
1840 20
1847 7
1846 10
1845 29 5 7
1844 7
3250 8
4958 19
4959 28
2169 1
2168 3
3251 8
4952 19
4953 16 12 22
4950 1
4951 24 29 23
2161 21
4957 19
4954 0 23 15
4955 18
3253 23
2129 9
3254 0
3255 1 13
3298 8 15
3299 8
5139 29 23
5138 8 23
5137 8
3295 9
5135 18 22 7
3297 6
3290 17 18
5132 2
3292 9
5130 1 19 6
6891 18
6890 16 12
6893 16 12 4
6892 3
6895 5
6894 8
6897 23
6896 10 7
6899 24 22 13 6 15
6898 23 15
5234 9
10308 7
1278 22
1279 18
618 3
619 7
1270 8 17
1271 4 7
1272 8 22
611 16 12 4
616 18 21 6
617 16 12 4 29 15
1276 18
1277 9
8798 30
8799 5 29
8248 18
8249 7
8242 8 1
8243 4 22
8240 5
8241 6
8246 6 23
8247 5
8244 6
8245 1 2 23 15
3333 7
3332 16 12
3331 26
3330 5
3337 2
3336 22
8426 25 20
8427 18
8424 5 23
8425 29
8422 17
3335 4 15
8420 31
8421 2 18 5
3334 13
8428 23
8429 7
5469 7
9123 4
5468 32
9125 28 4 31
9838 13
9839 7
3595 24 18
7599 19
7598 23
7597 4
7596 18
7595 20
5039 16 12
7593 14
7592 1
7591 22
7590 5
10307 28
9129 5 7
3599 5
3598 0 11
10302 4
10300 19
4138 33 3
4139 1
4130 24
4131 22
4132 29
4133 6
4134 24
4135 1 6
4136 19
4137 17 23
3841 9 7
3840 23
3843 22
3842 6
3845 2
3844 7
3847 23 7
3846 18
3849 7
3848 23
5698 1
5699 18
7910 11
5968 15
5969 16 12
5960 7
5961 28
5962 19 7
5963 7
5964 23
5965 24
5966 5
5967 18 23
4549 7
4548 7
4541 4
4540 35 10 27
4543 31
4542 0 25 13
4545 8
4544 18 7
4547 8
4546 1
1073 4
2594 23 7
2595 5
2596 21
2597 20 6
2590 4
2591 2
2592 4 23
2593 5
2598 8 22
2599 6 7
1070 4
6042 18 7
6043 21
6040 15
1343 38
6046 4
6047 7
6044 18 23
6045 5
5372 22
6048 18 7
6049 15
8600 18
2622 1
2623 3
2620 10 23
2621 30 31
2626 3 6
2627 4
2624 10
2625 7
8606 35
2628 0 21 23
2629 29
8607 8
7351 18
7350 7
7353 25
7352 18 23
7355 5
7354 16 12 4
7357 13
7356 2 5
7359 1
7358 18 7
9236 5
8605 10
9230 14
9231 5
9232 3
9233 15
8204 31
10277 21 6
10276 23
10275 1 7
10274 6
10273 28
10272 5
10271 24
10270 21
10279 13
10278 18 13 7
9058 10
9059 17
9050 5
9051 29
9052 33
9053 1
9054 5
9055 26 15
9056 2
9057 4
775 25
774 1
777 23
776 18
771 3
770 22
773 7
772 1 31
779 18 23 7
778 1 9 33 7
77 15 7
76 1 10
75 26 11
74 17 4 21
73 1
72 20
71 23
70 23
2972 23
2973 21
2970 8
2971 24
2976 4
2977 7
79 23
78 16 12
5362 23
5363 18 15
1041 24 9 18 23
5361 4
1047 19 31
1046 30 31
1045 6 7
1044 22 7
1049 27 31
1048 20
4303 29
4302 16 19 12
4301 15
4300 17
4307 8 17
4306 15
4305 6 23
4304 6
4309 29
4308 5
3128 17
3129 9 22
3122 1
3123 4
3120 1 2
3121 9 18 22 7
3126 21
3127 16 12 4 36
3124 23
3125 29 7
8659 10
8658 4
8651 1 6
8650 3
8653 31 15
8652 2
8655 4 5 6 13
8654 7
8657 18
8656 3
5753 2
5752 13
5751 10
5750 16 12 29
5757 7
5756 23
5755 28
5754 16 12
5759 4
5758 9
3445 24 29 23
4609 31 19 29 23
9131 23
3444 27
3447 1
862 17 4 21
865 26 5
864 34
3443 1
3442 3 7
2756 22
2757 22
2754 16 12
7434 15
7435 6
7436 2 5
2755 18
7430 26 15
7431 18
7432 2 22
7433 7
2752 7
7438 25
7439 4
2753 2
2323 4
2750 7
2322 10 4
2023 2
4604 29 23
2321 29
6675 10
6674 18 7
6677 35 3 4 5 8 19
2320 22
6671 13
6670 12
6673 2 22
6672 13
2327 7
6679 31
6678 27 28 5
2326 4 7
4701 22
10173 23
2324 3
8285 20
5197 16 12
5196 17
2369 9
2368 24 18 31 5 29
2367 18
2366 18 7
2365 3
2364 8
2363 29 6
2362 23
2361 7
2360 29
5191 24
1861 9
1860 16 35 12 6
1863 2
1862 9
1865 36
3729 10 4
1867 3 7
1866 16 12 6
3724 24 33 23
3725 23
3726 10
3727 29 23
3720 15
3721 13
3722 7
3723 1
4686 4 15
4687 17 2 7
4684 5
4685 8 13
4682 22
4683 22
4680 27
4937 15
4938 24 23
4939 5
4688 6
4689 34
2109 3 6
2108 1
2103 5
2102 5 7
2101 31
2100 19
2107 1
2106 16 12
2105 7
2104 7
5115 9
5114 15
5117 15
5116 6
5111 28
5110 18 7
5113 19
5112 24
5119 6
5118 1
1717 2
5192 19
9 4
890 2
891 28
892 19
893 9 4
894 16 12 4
895 0 6
896 34
897 31
898 7
899 10
9885 15
1788 8
1789 18 23
1780 31
1781 21
1782 23
1783 25
1784 7
1785 7
1786 0 1
1787 15
6879 23
6878 23
6877 19
6876 29
6875 5
6874 2
6873 23
6872 22
6871 18
6870 7
8220 21 6
8221 2
8222 22
8223 7
678 2 34
679 22
8226 5
8227 4
674 15
675 23 5 15
676 1
677 18 23
670 16 1 12
671 23
672 7
673 7
7609 8
7608 1
7607 28
7606 20
7605 5
7604 17
7603 2 5
7602 17
7601 7
7600 4
2491 6
2490 7
9179 4
2493 23
8467 4
2492 13
2495 1 9
1965 23
2494 5 7
9850 26 29
9851 35 4
9852 5 13
9853 23
9854 21 23
2497 7
9856 20
9857 23
9858 7
9859 27 5
9178 9 12 17 18 23 27
2496 23
8469 5
1524 6
1525 7
1526 31
1527 7
1252 5
1521 8 1 2
1522 5
1523 18
1528 3 21
1529 22
1258 3 4
1259 13
4116 32 4 29
4117 1
4114 4
4115 10
4112 36
4113 24
4110 7
4111 24
4118 15
4119 18 23
3343 4
7895 17
7103 5 21
9175 15
3340 17 23
10048 18
10049 16 12
9261 6
9260 17
7109 23
3341 7
5946 5
5947 10
5944 18 7
5945 1
1966 10
5943 2 7
5940 8
5941 7
9883 18
5948 31
5949 1
10040 7
10041 36
9269 5
9268 7
10044 17
10045 2 27 28
10046 13
10047 4
6028 10 26 21 23
6029 13
6020 13
6021 6
6022 1
6023 15
6024 18
6025 25
6026 16 12
6027 4
2648 22
2649 19
10073 23
10072 5
10075 29
10074 23
10077 13
10076 19 18 15 7
2640 4
2641 25
2642 7
2643 20
2644 0
2645 1
2646 7
2647 7
9218 5
9219 17
9212 28
9213 1 6
9210 17
9211 16 2 12 5 6
9216 4
9217 4
9214 23
9215 1
9234 5
9076 5
9077 23 7
9074 23
9075 22
9072 0 7
9073 31 15
9070 13
9071 4
10295 24
10294 22 7
10297 23
10296 5
10291 15
10290 1 9
9078 25
9079 7
3557 5
3556 7
3555 7
3554 5
3553 1
3552 7
3551 10
3550 15
3559 5 21
3558 25
2910 1
2911 8
2912 0 15
2913 7
2914 10
2915 1
719 23
2917 6
2918 19
2919 19
715 10
714 2
713 25
712 16 17 12 32
711 30 31
710 2
9881 13
10298 28
5308 5 7
5309 24
5300 7
5301 16 12 4
5302 25
5303 4
5304 6
5305 19
5306 24 23
5307 29
6956 5
4329 8
4328 25
4321 19
4320 0
4323 28
4322 6
4325 6
4324 15
4327 16 17 12
4326 16 12
3140 35 15
3141 0 16 12
3142 11
3143 21
3144 6
3145 29
3146 19
3147 7
3148 1
3149 4
1630 9
9156 5
5779 8
5778 19
5771 18
5770 5 31
5773 2
5772 17
5775 8
1631 7
5777 8
5776 19
9880 31
9010 1
1632 8
1633 7
7412 15
7413 4
7410 13
7411 1
7416 35 5
7417 23
7414 1 6
1634 2
7418 3 14
7419 5
6613 0 1 14 31
6612 4
6611 18
6610 37
6617 4
1635 8 28
6615 21
6614 13
6619 21
6618 1 20 31
3500 21 29
1636 0
3501 23
3502 4 7
3503 29
10292 1
3504 2
9011 25
3505 4
1637 4
3506 19
3507 31
2345 7
2344 10
2347 22
2346 9
2341 7
2340 23
2343 9 7
2342 4
2349 9 6
2348 7
2067 10 21
3708 23
3709 4
1889 4
1888 7
1887 25 6
1886 8 14 7
3700 7
1884 7
1883 29 31
1882 4
3704 2
3705 1
2121 22
2120 25
2123 5
2122 3
2125 23
2124 17
4918 20
4919 7
4916 1
4917 13
4914 1
4915 6
4912 20
4913 23
4910 4 31
4911 19
6917 28
6910 12
6911 18 7
5173 24
5172 7
5171 31
5170 23
5177 23
5176 7
5175 2 5
5174 29 15
5179 5
5178 7
133 20
132 26
131 18
130 3 21
137 0
136 20
135 2
134 18 7
139 2
138 21
5924 29
9689 6
9688 28
9681 10
9680 23
9683 1
9682 4
9685 1
9684 2 5
9687 10
9686 5 6
7254 16 12 31
7255 7
7256 6
7257 19
7250 18
7251 14 7
7252 13
7253 9
7258 15
7259 22 23
6855 19
6854 18
6857 31 7
6856 31
6851 15
6850 18
6853 23 7
6852 25
6859 36
6858 5
5339 7
88 16 12
89 9
82 34 4 13 31
83 0 2
80 22
81 4 5
86 5 6
87 22
84 15
85 2 18 23
9191 20
8804 15
8805 6
8806 5
8807 6
8800 10 5
8801 31
8802 9
8803 8
8808 18
8809 29 15
6583 15 7
6582 13
6581 18 4 6
6580 9 4 28 25
6587 18 23
6586 4
6585 18
6584 20
8206 5
8207 8 16 18 12
6589 1
6588 27 31
8202 17
8203 4
8200 10
8201 4
7625 1
7624 14
7627 33 6
7626 28
7621 6
7620 18 7
7623 19
7622 7
7128 10 18 15
7628 35
9193 28
7828 9
9192 4
8994 18
9878 5
7822 19
9876 10 7
9877 4
9874 6
9875 9
9195 5
9873 5
9870 7
9871 13 6
3368 7
1502 10 6
1503 21
1500 7
1501 22
1506 23
1507 23
1504 5 13
1505 6
3085 1
3084 5
3087 9 10
3086 8
3081 4
3080 23
3083 5
659 2
3369 31
9197 16 12 3 4
3885 35 7
3884 13
3887 3
3886 7
3881 1 22
3880 4
3883 9 31
3882 29 23
3889 33
3888 10
9196 18
2484 31
8325 23
8324 18
8327 4
8326 9
8321 4
7123 15
8320 6
8323 4
8322 29
1291 1 9 7
1296 19 3
6006 2 7
6007 18
6004 5
6005 10
6002 16 12
6003 10 20
6000 5
6001 13
1297 7
6008 2
6009 4
995 9
994 7
997 33 2 6 12 13 16
996 24 18 13 7
991 10 7
990 4 5 6 23
993 23
992 3
9278 6 7
9279 1 23
10055 17 18 5 13
10054 31
999 25
998 16 10 12
10051 27 6
10050 6
9098 16 12
9099 22
9094 2
9095 6
9096 23
9097 4
9090 5
9091 9 18 15 28 7
9092 13
9093 2
5098 9
5099 7
3579 7
3578 4
5090 32 15
3574 9 7
5092 16 12
5093 7
5094 23
5095 4
5096 31
5097 2
4497 1 5
4496 18
4495 8
4494 19 7
4493 23
4492 7
4491 7
4490 17 28
4499 16 12 4
4498 3 7
2938 8
2939 5
2936 18
2937 0 1
2934 23
1397 8 2 20 31
2932 7
2933 3
2930 7
2931 8
5326 1 13
5327 31
5324 6
5325 9 31
5322 23
5323 16 12 23
5320 10 21
5321 7
3799 23
5328 3
5329 18
3797 10 5
1839 31
3168 1
3169 7
3166 6
3167 7
3164 22
3165 1
3162 2 19
3163 23
3160 31
3161 8
2154 7
2155 7
2404 23 4 7
731 4
730 7
733 16 12
2405 32 15
735 16 12 4 23
734 17 23 20 15
737 23
736 4 23
739 7
2402 8 23
2151 1
4987 10
2401 4
2006 15
1274 10 7
8567 7
8566 6
8565 15
8564 18 15 7
8563 16 12
8562 19 15
8561 15
8560 16 12
8569 7
8568 7
7478 0
7479 2
7470 4
7471 0 16 12
7472 32
7473 4
7474 1
7475 4
7476 2
7477 4
6639 6 15
6638 25
6631 25
6630 29 23
6633 19
6632 5
6635 16 12 4
6634 1
6637 5
6636 20
4707 35
4706 16 12 22
4705 7
4704 23 4 15
4703 10
4702 9
2325 7
4700 20
2329 17
2328 1
4709 23
4708 38
3760 6 7
3761 24 23
3762 0 24 23
3763 11
3764 7
3765 2
3766 5
3767 21 22
3768 7
3769 1
1292 7
1792 2
1293 25
1290 19
2499 1
2498 9
4648 7
4649 5
4642 5 23
4643 9
4640 7
4641 5
4646 25 31
4647 18 7
4644 31
4645 17 29
1294 2
7898 1
7899 7
7896 18
7897 18
7894 2 7
1295 16 12 7
7892 22
7893 9
7890 9
7891 28 15
5159 1
5158 7
5151 10
5150 7
5153 21 14
5152 2 7
5155 2
5154 24
5157 21
5156 29 23
115 10
114 30
117 7
116 33 7
111 21 6
110 23
113 15
112 10 4
3244 29
119 7
118 2
8932 18
7272 4
7273 1
7270 18 7
7271 9 18
7276 3 22
7277 18
7274 21
7275 1
7278 13
7279 10 18 6 29
8551 22
8556 21 6
8557 17
6833 3
6832 16 12
6831 2 30 31
6830 2
6837 23
6836 13 14
6835 5
6834 4 29 23
6839 4
6838 4
8005 7
8558 13
8559 20
8822 27
8823 15
8820 1 31
8821 22
8826 17
8827 5
8824 6 23
8825 15
8828 25
8003 10 20
8778 2
8779 5
8772 20
8773 2
8770 1
8771 7
8776 6
8777 18
8774 10 18 15
8775 33
7643 1
7642 5
7641 25
7640 26
7647 9 4
7646 23
7645 24
7644 5
7649 20
7648 31
9014 1
9015 15
9016 2
9017 22
1748 19
1749 8
1744 8 10 5
1745 6
1746 6
1747 1
1740 7
1741 15
1742 29 7
1743 17
7926 9
3308 9
7927 21
3309 23
7924 9
5494 7
7925 29 23
5495 4
7922 13
3304 7
7923 27 11
3305 13
7296 15
5490 7
7921 18 7
5491 1
1568 4
1569 22
1298 2
1299 5
5492 7
10311 15
1560 7
1561 7
1562 21
1563 22
1564 18
1565 21 7
1566 30
1567 10
7462 15
7460 6
5638 33
5639 20
5634 17 35
5635 4
5636 6
5637 32
5630 9
5631 18
5632 5 21
5633 18
8480 23
8481 15
8482 36
8483 36
8484 23
8485 9
8486 3 21 7
8487 2 7
8488 18
8489 5
7464 16 12
