0 1
0 2
0 3
0 4
0 5
0 6
0 7
0 8
0 10
0 11
0 12
0 13
0 17
0 19
0 21
0 31
0 34
1 2
1 3
1 7
1 13
1 17
1 19
1 21
1 30
2 3
2 7
2 8
2 9
2 13
2 27
2 28
2 32
3 7
3 12
3 13
4 6
4 10
5 6
5 10
5 16
6 16
8 30
8 32
8 33
9 33
13 33
14 32
14 33
15 32
15 33
18 32
18 33
19 33
20 32
20 33
22 32
22 33
23 25
23 27
23 29
23 32
23 33
24 25
24 27
24 31
25 31
26 29
26 33
27 33
28 31
28 33
29 32
29 33
30 32
30 33
31 32
31 33
32 33
34 35
34 36
34 37
34 38
34 39
34 40
34 41
34 42
34 44
34 45
34 46
34 47
34 51
34 53
34 55
34 65
35 36
35 37
35 41
35 47
35 51
35 53
35 55
35 64
36 37
36 41
36 42
36 43
36 47
36 61
36 62
36 66
37 41
37 46
37 47
38 40
38 44
39 40
39 44
39 50
40 50
42 64
42 66
42 67
43 67
47 67
48 66
48 67
49 66
49 67
52 66
52 67
53 67
54 66
54 67
56 66
56 67
57 59
57 61
57 63
57 66
57 67
58 59
58 61
58 65
59 65
60 63
60 67
61 67
62 65
62 67
63 66
63 67
64 66
64 67
65 66
65 67
66 67